// ================================================================================
// CHRONO WORKBENCH - github.com/Concrete-Chrono-Development/chrono-preprocessor
//
// Copyright (c) 2023 
// All rights reserved. 
//
// Use of the code that generated this file is governed by a BSD-style license that
// can be found in the LICENSE file at the top level of the distribution and at
// github.com/Concrete-Chrono-Development/chrono-preprocessor/blob/main/LICENSE
//
// ================================================================================
// Node Data File
// ================================================================================
//
// Data Structure:
// X Y Z 
//
// ================================================================================
0 63.37610245 158.7623749
0 58.45183563 167.43573
0 67.69041443 171.1430969
0 67.69041443 28.85690689
0 58.44549561 32.57985687
0 63.34441757 41.31557083
0 0 105.8823547
0 8.681430817 100
0 0 94.11764526
0 100 94.11764526
0 91.34371185 100
0 100 105.8823547
0 33.44975281 61.65802002
0 34.6096344 48.17795181
0 24.27915573 51.90268707
0 0 152.9411774
0 8.098029137 147.1199036
0 0 141.1764679
0 0 58.82352829
0 11.51791668 54.30516052
0 0 47.05882263
0 100 141.1764679
0 91.91278076 147.1320343
0 100 152.9411774
0 100 47.05882263
0 91.91278076 52.8679657
0 100 58.82352829
0 44.44444275 0
0 51.4377327 10.81035614
0 55.55555725 0
0 55.55555725 200
0 51.4377327 189.1896362
0 44.44444275 200
0 0 176.4705811
0 10.17682648 171.4558105
0 0 164.7058868
0 0 35.29411697
0 10.17004299 28.57830238
0 0 23.52941132
0 31.32332039 111.6668777
0 38.04403305 99.07175446
0 27.06311798 101.3142548
0 63.0202179 62.05506516
0 57.51558304 70.93389893
0 68.8923111 74.84095001
0 100 164.7058868
0 90.30047607 170.9559174
0 100 176.4705811
0 100 23.52941132
0 90.30047607 29.04408646
0 100 35.29411697
0 25.63071442 40.18779755
0 72.76138306 190.3780823
0 66.66666412 200
0 77.77777863 200
0 22.22222137 0
0 27.13708878 9.668762207
0 33.33333206 0
0 33.33333206 200
0 27.13708878 190.3312378
0 22.22222137 200
0 66.66666412 0
0 72.76138306 9.621917725
0 77.77777863 0
0 74.11608887 63.2207222
0 9.897830009 76.09591675
0 0 70.58823395
0 0 82.35294342
0 0 129.4117584
0 9.571543694 123.665596
0 0 117.6470566
0 90.41483307 76.289711
0 100 82.35294342
0 100 70.58823395
0 100 117.6470566
0 90.41483307 123.710289
0 100 129.4117584
0 24.74868393 160.2121277
0 33.55841064 153.6438446
0 23.29399109 147.6404419
0 57.49208069 121.0610275
0 68.35966492 125.3271408
0 71.81786346 115.730278
0 62.75547409 110.1497574
0 71.91069031 97.67917633
0 72.73171997 85.41105652
0 63.72389984 90.97699738
0 74.1267395 160.0728302
0 74.11782074 39.94120407
0 60.93873978 101.2685242
0 52.5253334 159.2836151
0 52.49461746 40.79892349
0 30.46155548 73.85668945
0 40.8963623 73.5847702
0 43.38178635 64.75933075
0 45.16082001 90.58345032
0 49.79702759 100.3023148
0 36.60584259 89.99340057
0 47.81232452 130.22435
0 38.90641022 139.1990967
0 51.44734955 140.9895172
0 52.62431717 111.0316086
0 100 0
0 90.44598389 9.658678055
0 100 11.76470566
0 88.8888855 0
0 0 200
0 9.554018021 190.3413239
0 0 188.2352905
0 11.11111069 200
0 100 200
0 90.44598389 190.3413239
0 88.8888855 200
0 100 188.2352905
0 0 11.76470566
0 9.554018021 9.658678055
0 0 0
0 11.11111069 0
0 51.96665955 60.99689865
0 60.376091 131.0741577
0 72.56887817 136.2786255
0 62.55155182 140.4138336
0 64.12832642 184.7123413
0 73.55686188 179.6896057
0 83.12825775 182.3655853
0 25.60779953 179.9356232
0 16.87240601 182.3559875
0 35.16032028 184.3940277
0 29.0550518 170.4399109
0 39.81947327 174.6139984
0 25.60779953 20.06437683
0 16.87240601 17.64400673
0 35.16032028 15.60597801
0 39.81947327 25.38600349
0 29.05177116 29.48100662
0 73.55686188 20.31039047
0 64.12832642 15.28766251
0 83.12825775 17.63441086
0 61.33211136 82.62425995
0 49.89077759 80.36699677
0 92.1283493 88.23529053
0 83.34567261 84.70345306
0 91.86685944 111.7307892
0 83.0814743 116.2089005
0 20.4870224 74.45181274
0 16.92256546 83.81159973
0 15.81224346 67.11969757
0 27.0330677 84.54398346
0 21.64361572 124.0840073
0 31.14194107 125.0768051
0 17.17783928 115.3842468
0 27.19158363 135.682785
0 16.37845802 132.4183655
0 78.81156921 75.44668579
0 83.71591949 67.37304688
0 78.66694641 124.2028351
0 83.64628601 132.4750977
0 8.257702827 88.2742157
0 8.141646385 111.6916733
0 42.67183685 55.08466339
0 50 49.76398087
0 67.349823 51.94206619
0 76.73391724 52.31447983
0 7.323432446 135.2941132
0 7.323432446 64.70587921
0 92.70198059 135.2941132
0 92.70198059 64.70587921
0 39.16044617 191.8324585
0 39.16044617 8.167538643
0 61.11111069 6.932126045
0 61.11111069 193.0678711
0 92.77494049 18.32625961
0 92.77494049 181.6737366
0 7.320650101 181.7718048
0 7.319293499 18.23502159
0 67.48940277 148.2494354
0 76.73391724 147.6855164
0 92.22379303 41.24287796
0 83.73902893 36.87034225
0 92.22379303 158.7571259
0 83.73902893 163.1296539
0 7.59481144 158.7743988
0 16.17922783 162.6455994
0 8.09766674 41.39775467
0 16.11274529 37.68872452
0 57.81177902 177.1262207
0 48.95204163 178.9199219
0 57.81124115 22.8751049
0 48.95204163 21.0800724
0 20.29374886 170.7851715
0 20.16359329 29.73303986
0 78.75696564 171.22612
0 78.75547791 28.77622414
0 81.90279388 93.64212036
0 80.34143066 105.9708099
0 19.36567688 93.91127014
0 18.62550545 105.6613846
0 22.79486847 61.28297424
0 82.24902344 192.5786438
0 17.74572372 7.424289703
0 82.24902344 7.421351433
0 17.74572372 192.5757141
0 58.64334106 148.3503876
0 50 150.2360229
0 58.26805115 51.61923981
0 34.89658737 163.7440643
0 43.47842026 164.5110321
0 34.85801315 36.21923828
0 43.47697067 35.48612595
0 50.17314529 170.315094
0 50.16664124 29.70101357
0 17.39067268 141.2200775
0 82.60839081 141.2613525
0 83.41178131 58.11420441
0 41.72298431 147.8892059
0 83.68985748 46.8918457
0 83.21816254 153.2955475
0 16.21756935 152.9354248
0 17.04115868 45.56486893
0 37.21378326 130.9299927
0 41.01666641 124.4669037
0 42.90600204 183.7900085
0 42.90600204 16.20998955
0 55.2027359 92.41564941
0 43.25783157 44.19971466
0 69.81391907 106.3439026
0 43.04212952 156.3831482
0 48.73023605 70.12837982
0 36.49972153 118.812149
0 43.40569305 115.4672394
0 48.6711731 120.9050827
0 43.03887939 107.5079575
0 29.4198494 93.10932159
0 37.32947159 81.83639526
0 32.51548386 145.1925201
100 67.69041443 171.1430969
100 58.45183563 167.43573
100 63.37610245 158.7623749
100 63.34441757 41.31557083
100 58.44549561 32.57985687
100 67.69041443 28.85690689
100 8.681430817 100
100 0 105.8823547
100 0 94.11764526
100 100 105.8823547
100 91.34371185 100
100 100 94.11764526
100 34.6096344 48.17795181
100 33.4240303 61.51515961
100 24.27915573 51.90268707
100 0 141.1764679
100 8.098029137 147.1199036
100 0 152.9411774
100 0 47.05882263
100 11.51791668 54.30516052
100 0 58.82352829
100 100 152.9411774
100 91.91278076 147.1320343
100 100 141.1764679
100 100 58.82352829
100 91.91278076 52.8679657
100 100 47.05882263
100 44.44444275 200
100 51.4377327 189.1896362
100 55.55555725 200
100 51.4377327 10.81035614
100 44.44444275 0
100 55.55555725 0
100 0 164.7058868
100 10.17682648 171.4558105
100 0 176.4705811
100 0 23.52941132
100 10.17004299 28.57830238
100 0 35.29411697
100 39.59565735 99.7718277
100 28.24104309 98.79840851
100 36.1134758 90.74728394
100 31.32332039 111.6668777
100 68.8923111 74.84095001
100 57.51558304 70.93389893
100 63.0202179 62.05506516
100 90.30047607 170.9559174
100 100 164.7058868
100 100 176.4705811
100 100 35.29411697
100 90.30047607 29.04408646
100 100 23.52941132
100 25.63071442 40.18779755
100 66.66666412 200
100 72.76138306 190.3780823
100 77.77777863 200
100 27.13708878 190.3312378
100 33.33333206 200
100 22.22222137 200
100 33.33333206 0
100 27.13708878 9.668762207
100 22.22222137 0
100 72.76138306 9.621917725
100 66.66666412 0
100 77.77777863 0
100 74.11608887 63.2207222
100 0 117.6470566
100 9.571543694 123.665596
100 0 129.4117584
100 0 70.58823395
100 9.864405632 76.22621918
100 0 82.35294342
100 90.41483307 123.710289
100 100 117.6470566
100 100 129.4117584
100 100 82.35294342
100 90.41483307 76.289711
100 100 70.58823395
100 24.74868393 160.2121277
100 23.29399109 147.6404419
100 33.55841064 153.6438446
100 71.81786346 115.730278
100 68.35966492 125.3271408
100 57.49208069 121.0610275
100 62.75547409 110.1497574
100 25.42388153 87.83867645
100 72.73171997 85.41105652
100 71.91069031 97.67917633
100 63.72389984 90.97699738
100 74.1267395 160.0728302
100 74.11782074 39.94120407
100 60.93873978 101.2685242
100 52.5253334 159.2836151
100 52.49461746 40.79892349
100 40.11748505 73.94554138
100 30.20944214 72.45665741
100 43.38178635 64.75933075
100 45.57060242 91.31336975
100 49.79702759 100.3023148
100 47.81232452 130.22435
100 51.44734955 140.9895172
100 38.90641022 139.1990967
100 52.62431717 111.0316086
100 9.554018021 190.3413239
100 0 200
100 0 188.2352905
100 11.11111069 200
100 100 11.76470566
100 90.44598389 9.658678055
100 100 0
100 88.8888855 0
100 90.44598389 190.3413239
100 100 200
100 88.8888855 200
100 100 188.2352905
100 0 0
100 9.554018021 9.658678055
100 0 11.76470566
100 11.11111069 0
100 51.96665955 60.99689865
100 60.376091 131.0741577
100 72.56887817 136.2786255
100 62.55155182 140.4138336
100 16.87240601 182.3559875
100 25.60779953 179.9356232
100 35.16032028 184.3940277
100 29.0550518 170.4399109
100 39.81947327 174.6139984
100 16.87240601 17.64400673
100 25.60779953 20.06437683
100 35.16032028 15.60597801
100 29.05177116 29.48100662
100 39.81947327 25.38600349
100 64.12832642 15.28766251
100 73.55686188 20.31039047
100 83.12825775 17.63441086
100 73.55686188 179.6896057
100 64.12832642 184.7123413
100 83.12825775 182.3655853
100 61.43263245 82.6698761
100 50.49390793 80.64070129
100 92.1283493 88.23529053
100 83.34567261 84.70345306
100 91.86685944 111.7307892
100 83.0814743 116.2089005
100 21.69054222 76.04898834
100 16.68859482 84.72373199
100 15.81224346 67.11969757
100 31.14194107 125.0768051
100 21.64361572 124.0840073
100 17.17783928 115.3842468
100 27.19158363 135.682785
100 16.37845802 132.4183655
100 78.81156921 75.44668579
100 83.71591949 67.37304688
100 78.66694641 124.2028351
100 83.64628601 132.4750977
100 7.862288952 88.23529053
100 8.141646385 111.6916733
100 42.66877365 55.06765747
100 50 49.76398087
100 67.349823 51.94206619
100 76.73391724 52.31447983
100 7.323432446 135.2941132
100 7.323432446 64.70587921
100 92.70198059 135.2941132
100 92.70198059 64.70587921
100 39.16044617 8.167538643
100 61.11111069 6.932126045
100 61.11111069 193.0678711
100 39.16044617 191.8324585
100 92.77494049 18.32625961
100 92.77494049 181.6737366
100 7.320650101 181.7718048
100 7.319293499 18.23502159
100 76.73391724 147.6855164
100 67.48940277 148.2494354
100 92.22379303 41.24287796
100 83.73902893 36.87034225
100 92.22379303 158.7571259
100 83.73902893 163.1296539
100 7.59481144 158.7743988
100 16.17922783 162.6455994
100 8.09766674 41.39775467
100 16.11274529 37.68872452
100 57.81177902 177.1262207
100 48.95204163 178.9199219
100 57.81124115 22.8751049
100 48.95204163 21.0800724
100 20.29374886 170.7851715
100 20.16359329 29.73303986
100 78.75547791 28.77622414
100 78.75696564 171.22612
100 81.90279388 93.64212036
100 80.34143066 105.9708099
100 17.51320648 94.32027435
100 18.5130806 105.3102417
100 22.79486847 61.28297424
100 17.74572372 192.5757141
100 17.74572372 7.424289703
100 82.24902344 192.5786438
100 82.24902344 7.421351433
100 50 150.2360229
100 58.64334106 148.3503876
100 58.26805115 51.61923981
100 34.89658737 163.7440643
100 43.47842026 164.5110321
100 34.85801315 36.21923828
100 43.47697067 35.48612595
100 50.17314529 170.315094
100 50.16664124 29.70101357
100 17.39067268 141.2200775
100 82.60839081 141.2613525
100 83.41178131 58.11420441
100 41.72298431 147.8892059
100 83.21816254 153.2955475
100 83.68985748 46.8918457
100 16.21756935 152.9354248
100 17.04115868 45.56486893
100 37.21378326 130.9299927
100 41.01666641 124.4669037
100 42.90600204 183.7900085
100 42.90600204 16.20998955
100 55.28315353 92.18486023
100 43.25746536 44.19768906
100 69.81391907 106.3439026
100 43.04212952 156.3831482
100 48.69508362 70.25527191
100 36.49972153 118.812149
100 43.40569305 115.4672394
100 48.6711731 120.9050827
100 44.06354141 107.2963943
100 32.62333298 80.70659637
100 40.98376083 83.4706955
100 32.51548386 145.1925201
63.37610245 0 158.7623749
67.69041443 0 171.1430969
58.45183563 0 167.43573
63.34441757 0 41.31557083
58.44549561 0 32.57985687
67.69041443 0 28.85690689
8.681430817 0 100
91.34371185 0 100
33.4240303 0 61.51515961
24.27915573 0 51.90268707
34.6096344 0 48.17795181
8.098029137 0 147.1199036
11.51791668 0 54.30516052
91.91278076 0 147.1320343
91.91278076 0 52.8679657
51.4377327 0 10.81035614
44.44444275 0 0
55.55555725 0 0
44.44444275 0 200
51.4377327 0 189.1896362
55.55555725 0 200
10.17682648 0 171.4558105
10.17004299 0 28.57830238
39.59565735 0 99.7718277
28.24104309 0 98.79840851
36.1134758 0 90.74728394
31.32332039 0 111.6668777
68.8923111 0 74.84095001
57.51558304 0 70.93389893
63.0202179 0 62.05506516
90.30047607 0 170.9559174
90.30047607 0 29.04408646
25.63071442 0 40.18779755
66.66666412 0 200
72.76138306 0 190.3780823
77.77777863 0 200
27.13708878 0 9.668762207
22.22222137 0 0
33.33333206 0 0
27.13708878 0 190.3312378
33.33333206 0 200
22.22222137 0 200
77.77777863 0 0
72.76138306 0 9.621917725
66.66666412 0 0
74.11608887 0 63.2207222
9.571543694 0 123.665596
9.864405632 0 76.22621918
90.41483307 0 76.289711
90.41483307 0 123.710289
23.29399109 0 147.6404419
33.55841064 0 153.6438446
24.74868393 0 160.2121277
71.81786346 0 115.730278
68.35966492 0 125.3271408
57.49208069 0 121.0610275
62.75547409 0 110.1497574
25.42388153 0 87.83867645
63.72389984 0 90.97699738
72.73171997 0 85.41105652
71.91069031 0 97.67917633
74.1267395 0 160.0728302
74.11782074 0 39.94120407
60.93873978 0 101.2685242
52.49461746 0 40.79892349
52.5253334 0 159.2836151
40.11748505 0 73.94554138
30.20944214 0 72.45665741
43.38178635 0 64.75933075
45.57060242 0 91.31336975
49.79702759 0 100.3023148
38.90641022 0 139.1990967
47.81232452 0 130.22435
51.44734955 0 140.9895172
52.68373108 0 111.0172501
9.554018021 0 190.3413239
11.11111069 0 200
90.44598389 0 9.658678055
88.8888855 0 0
90.44598389 0 190.3413239
88.8888855 0 200
9.554018021 0 9.658678055
11.11111069 0 0
51.96665955 0 60.99689865
60.376091 0 131.0741577
72.56887817 0 136.2786255
62.55155182 0 140.4138336
25.60779953 0 179.9356232
16.87240601 0 182.3559875
35.16032028 0 184.3940277
29.0550518 0 170.4399109
39.81947327 0 174.6139984
73.55686188 0 179.6896057
64.12832642 0 184.7123413
83.12825775 0 182.3655853
16.87240601 0 17.64400673
25.60779953 0 20.06437683
35.16032028 0 15.60597801
39.81947327 0 25.38600349
29.05177116 0 29.48100662
73.55686188 0 20.31039047
64.12832642 0 15.28766251
83.12825775 0 17.63441086
61.43263245 0 82.6698761
50.49390793 0 80.64070129
92.1283493 0 88.23529053
83.34567261 0 84.70345306
91.86685944 0 111.7307892
83.0814743 0 116.2089005
16.68859482 0 84.72373199
21.69054222 0 76.04898834
15.81224346 0 67.11969757
31.14194107 0 125.0768051
21.64361572 0 124.0840073
17.17783928 0 115.3842468
27.19158363 0 135.682785
16.37845802 0 132.4183655
78.81156921 0 75.44668579
83.71591949 0 67.37304688
78.66694641 0 124.2028351
83.64628601 0 132.4750977
7.862288952 0 88.23529053
8.141646385 0 111.6916733
42.66877365 0 55.06765747
50 0 49.76398087
67.349823 0 51.94206619
76.73391724 0 52.31447983
7.323432446 0 135.2941132
7.323432446 0 64.70587921
92.70198059 0 135.2941132
92.70198059 0 64.70587921
39.16044617 0 191.8324585
61.11111069 0 193.0678711
39.16044617 0 8.167538643
61.11111069 0 6.932126045
92.77494049 0 18.32625961
92.77494049 0 181.6737366
7.320650101 0 181.7718048
7.319293499 0 18.23502159
67.48940277 0 148.2494354
76.73391724 0 147.6855164
92.22379303 0 158.7571259
83.73902893 0 163.1296539
92.22379303 0 41.24287796
83.73902893 0 36.87034225
8.09766674 0 41.39775467
16.11274529 0 37.68872452
7.59481144 0 158.7743988
16.17922783 0 162.6455994
57.81177902 0 177.1262207
48.95204163 0 178.9199219
57.81124115 0 22.8751049
48.95204163 0 21.0800724
20.29374886 0 170.7851715
20.16359329 0 29.73303986
78.75696564 0 171.22612
78.75547791 0 28.77622414
81.90279388 0 93.64212036
80.34143066 0 105.9708099
17.51320648 0 94.32027435
18.5130806 0 105.3102417
22.79486847 0 61.28297424
17.74572372 0 192.5757141
17.74572372 0 7.424289703
82.24902344 0 192.5786438
82.24902344 0 7.421351433
50 0 150.2360229
58.64334106 0 148.3503876
58.26805115 0 51.61923981
34.89658737 0 163.7440643
43.47842026 0 164.5110321
34.85801315 0 36.21923828
43.47697067 0 35.48612595
50.17314529 0 170.315094
50.16664124 0 29.70101357
17.39067268 0 141.2200775
82.60839081 0 141.2613525
83.41178131 0 58.11420441
41.72298431 0 147.8892059
83.68985748 0 46.8918457
83.21816254 0 153.2955475
17.04115868 0 45.56486893
16.21756935 0 152.9354248
37.22357178 0 130.9262543
41.06560516 0 124.4481964
42.90600204 0 183.7900085
42.90600204 0 16.20998955
55.28315353 0 92.18486023
43.25746536 0 44.19768906
69.81391907 0 106.3439026
43.04212952 0 156.3831482
48.69508362 0 70.25527191
36.83811188 0 119.1396561
43.82157898 0 115.3667526
48.74606323 0 120.8860092
44.80764389 0 106.9301682
32.62333298 0 80.70659637
40.98376083 0 83.4706955
32.51548386 0 145.1925201
58.4503746 100 167.4334564
67.6891861 100 171.1376343
63.37104797 100 158.7585602
61.60762787 100 41.94740295
67.6891861 100 28.86237144
58.16901398 100 32.37540817
91.318573 100 100
8.656285286 100 100
91.90196991 100 147.1199036
88.56647491 100 54.32556152
8.087219238 100 147.1320343
8.087219238 100 52.8679657
44.44444275 100 0
51.43780136 100 10.8105135
55.55555725 100 0
55.55555725 100 200
51.43780136 100 189.1894836
44.44444275 100 200
89.82898712 100 171.4642487
89.82898712 100 28.53575325
63.8865242 100 90.74728394
60.40434265 100 99.7718277
71.75895691 100 98.79840851
68.67668152 100 111.6668777
31.1076889 100 74.84095001
42.48441696 100 70.93389893
36.84235382 100 62.48970413
10.17363262 100 171.470108
10.17543411 100 28.53252602
77.77777863 100 200
72.7612915 100 190.376709
66.66666412 100 200
33.33333206 100 200
27.13699341 100 190.3326111
22.22222137 100 200
22.22222137 100 0
27.13699341 100 9.667391777
33.33333206 100 0
66.66666412 100 0
72.7612915 100 9.623288155
77.77777863 100 0
50 100 49.76398087
59.66729355 100 54.28474808
57.15884399 100 64.42230988
68.30371857 100 62.08375549
26.01011658 100 63.35845947
33.53863525 100 46.51863861
24.73797989 100 39.79457474
23.26608467 100 52.31447983
90.13559723 100 76.22621918
90.42845917 100 123.665596
9.585169792 100 123.710289
9.585169792 100 76.289711
33.54483414 100 153.6532135
23.26608467 100 147.6855164
24.7335434 100 160.232254
31.64033127 100 125.3271408
42.50791931 100 121.0610275
28.18213654 100 115.730278
37.24452591 100 110.1497574
74.57611847 100 87.83867645
27.26827812 100 85.41105652
28.08930588 100 97.67917633
36.27610016 100 90.97699738
74.2385025 100 159.760849
74.30827332 100 40.56151962
39.06126022 100 101.2685242
52.42626953 100 159.7162476
51.09038162 100 39.01919937
59.7552948 100 74.24053955
69.79055786 100 72.45665741
54.42939758 100 91.31336975
50.20297241 100 100.3023148
52.18767548 100 130.22435
48.44249725 100 140.9760437
60.4024086 100 139.1395569
47.37568283 100 111.0316086
9.554018021 100 190.3413239
11.11111069 100 200
90.44598389 100 190.3413239
88.8888855 100 200
90.44598389 100 9.658678055
88.8888855 100 0
9.554018021 100 9.658678055
11.11111069 100 0
48.40189743 100 60.89304733
39.61465073 100 131.0500946
27.3005352 100 135.9861603
37.47573471 100 140.1649475
16.87174225 100 182.3655853
25.60779953 100 179.9356232
35.16032028 100 184.3940277
39.81947327 100 174.6139984
29.0534668 100 170.4422455
73.55565643 100 179.6790619
64.12832642 100 184.7123413
83.12759399 100 182.3559875
16.87174225 100 17.63441086
25.60779953 100 20.06437683
35.16032028 100 15.60597801
29.06319427 100 29.56934357
39.81947327 100 25.38600349
64.12832642 100 15.28766251
73.55565643 100 20.32093811
83.12759399 100 17.64400673
38.56736755 100 82.6698761
49.50609207 100 80.64070129
7.871649265 100 88.23529053
16.65432739 100 84.70345306
8.133141518 100 111.7307892
16.9185257 100 116.2089005
78.30945587 100 76.04898834
83.311409 100 84.72373199
84.1877594 100 67.11969757
68.85805511 100 125.0768051
78.4339447 100 124.1242676
82.82215881 100 115.3842468
72.75650787 100 136.2272186
83.62154388 100 132.4183655
21.20345116 100 75.46308136
16.28408432 100 67.37304688
21.33305359 100 124.2028351
16.35371208 100 132.4750977
92.13771057 100 88.23529053
91.85835266 100 111.6916733
92.67656708 100 135.2941132
92.67656708 100 64.70587921
7.298018456 100 135.2941132
7.298018456 100 64.70587921
39.16044235 100 191.8326111
61.11111069 100 193.0678711
39.16044235 100 8.167394638
61.11111069 100 6.932126045
7.319878578 100 181.7765808
7.320239067 100 18.22394562
92.68051147 100 181.7734833
92.68051147 100 18.226511
67.46524048 100 148.2386932
76.70600891 100 147.6404419
7.593530655 100 41.22232056
16.1848774 100 37.35583115
7.592349052 100 158.7794037
16.16722107 100 162.6699219
91.90861511 100 41.3604126
83.87771606 100 37.27173996
92.40899658 100 158.7799377
83.87771606 100 162.7282562
57.8118782 100 177.1247864
48.95209885 100 178.9197235
58.11181641 100 22.78281403
48.95209885 100 21.08027267
78.71960449 100 171.1876678
78.73123169 100 28.86605453
20.28870964 100 170.8039551
20.29271126 100 29.20400047
18.09720612 100 93.64212036
19.65856934 100 105.9708099
82.48679352 100 94.32027435
81.48691559 100 105.3102417
77.20513153 100 61.28297424
76.66604614 100 52.13118744
17.74568558 100 192.5762787
82.24898529 100 7.421922684
17.74568558 100 7.423718929
82.24898529 100 192.5780792
49.18119049 100 150.4590454
58.17473221 100 148.6535797
34.89238358 100 163.7408447
43.47806168 100 164.510437
34.87240601 100 36.27225494
43.36326599 100 35.55960464
49.89040756 100 29.62596512
50.15636063 100 170.3864441
82.60932922 100 141.2200775
17.39160919 100 141.2613525
16.8284893 100 58.30432892
40.63955688 100 52.99690628
41.17937851 100 147.8938904
16.11636353 100 46.97658539
16.20633698 100 152.960083
83.11911774 100 45.91664124
83.1750412 100 153.2640228
62.63759613 100 131.0269623
58.98333359 100 124.4669037
68.11058807 100 50.20172119
42.25070572 100 43.35509872
42.90602493 100 183.7899628
42.90602493 100 16.21003151
44.71684647 100 92.18486023
32.05934906 100 55.5356369
30.18608284 100 106.3439026
43.16313171 100 156.3197937
51.46131134 100 70.22609711
63.50027847 100 118.812149
56.59430695 100 115.4672394
51.3288269 100 120.9050827
55.93645859 100 107.2963943
31.84482956 100 145.7643738
67.35546875 100 80.75576019
58.98655701 100 83.53952789
70.83333588 29.16666603 0
58.33800507 37.504673 0
68.15336609 41.19087982 0
23.41567421 50.08013916 0
33.51977158 52.66268158 0
30.40656471 41.89034271 0
50 89.97059631 0
89.11595154 48.04151535 0
10.84821415 48.53741455 0
50 9.853946686 0
27.37030983 59.66556931 0
65.49312592 17.31843567 0
59.06357574 25.66874695 0
72.67136383 90.53507233 0
90.46691895 72.86053467 0
9.479985237 72.75324249 0
72.94776917 9.776457787 0
90.62007141 27.53481293 0
27.45573807 90.5333786 0
27.14618111 9.530610085 0
9.379674911 27.53492355 0
59.22419739 47.86450958 0
52.45164871 59.42064285 0
57.73570251 67.46987152 0
64.2526474 56.58068848 0
49.61970901 49.8347702 0
90.47898102 90.47898102 0
90.47898102 9.521016121 0
8.854487419 91.14551544 0
9.521016121 9.521016121 0
79.31080627 72.0942688 0
83.27991486 83.27991486 0
84.38518524 64.88247681 0
70.83333588 70.83333588 0
74.44416046 60.52062225 0
74.54857635 20.10526657 0
83.27991486 16.72008514 0
16.72008514 83.27991486 0
20.14797783 73.54786682 0
15.24312592 64.13145447 0
16.72008514 16.72008514 0
25.76094437 20.12580872 0
35.16453934 15.5975008 0
39.29558945 25.59314156 0
28.92490959 30.50901794 0
72.45531464 80.18874359 0
65.34203339 84.54773712 0
27.84898567 79.86248779 0
35.54769897 84.5358429 0
39.80848312 74.56535339 0
29.16666603 70.83333588 0
80.47252655 28.52293205 0
85.14273834 36.10122299 0
19.53283119 28.75270653 0
14.8555088 36.10199738 0
50 21.49470901 0
51.5579071 30.85955048 0
43.67754745 35.55351257 0
40.8999939 44.52096558 0
51.51591492 78.11539459 0
62.74695206 75.72483063 0
38.98214722 92.52844238 0
93.09160614 38.88888931 0
38.94007111 7.472885609 0
6.908397675 38.88888931 0
91.86022186 60.78403473 0
61.04937744 91.98942566 0
7.748788357 60.84666824 0
61.09593582 8.785149574 0
50.34017944 41.19740295 0
34.75247192 64.20648956 0
43.58179092 64.40519714 0
78.95317841 50.80887222 0
70.11508179 49.8973999 0
42.47089767 55.84179306 0
92.84516144 82.65721893 0
82.61938477 92.85879517 0
7.111358643 82.56840515 0
92.87579346 17.4218502 0
17.27272987 92.99176025 0
17.34412384 7.154342175 0
7.124155521 17.42187119 0
82.67466736 7.203511715 0
49.52326202 69.68484497 0
78.41052246 41.50953674 0
21.55586243 41.52441025 0
35.71961975 35.12374115 0
43.61983109 84.08752441 0
43.57458878 15.84965897 0
57.1305275 16.62419701 0
58.13085556 84.06959534 0
83.89065552 56.69464111 0
17.29953194 57.56790924 0
65.72402191 65.46910858 0
22.59667969 65.866745 0
50 89.97059631 200
90.24828339 50.01182175 200
50 10.02940559 200
10.02940559 50 200
90.22206116 72.97131348 200
72.97714996 9.518848419 200
9.533082962 72.86053467 200
72.54425812 90.5333786 200
27.36292648 90.51856995 200
90.53160858 27.45094109 200
27.13946533 9.533082962 200
9.481431961 27.36292648 200
59.75865555 52.4108429 200
68.11224365 58.00200272 200
56.58068848 64.2526474 200
52.26969528 41.2134285 200
57.72786713 32.5330162 200
64.2526474 43.41931152 200
50.14360428 51.31701279 200
49.03175354 77.9283905 200
37.84667206 75.69204712 200
44.56161118 66.94006348 200
24.89196968 38.10015488 200
32.82497025 43.54626465 200
22.08892059 49.07876587 200
9.427191734 90.57280731 200
90.47898102 90.47898102 200
9.521016121 9.521016121 200
91.14551544 8.854487419 200
82.67119598 65.65792084 200
79.87419128 74.23905945 200
71.66576385 69.3581543 200
83.27991486 83.27991486 200
27.87313461 20.72057343 200
16.72008514 16.72008514 200
35.11752319 15.61481476 200
39.47937775 25.55583763 200
28.97109413 29.35493279 200
73.44345093 20.29798889 200
83.27991486 16.72008514 200
65.69878387 15.51517105 200
20.72057343 72.1268692 200
16.72008514 83.27991486 200
15.61481476 64.88247681 200
29.35493279 71.02890778 200
25.55583763 60.52062225 200
20.58425331 27.85944939 200
15.5678072 34.89801788 200
27.68372536 79.84401703 200
34.89801788 84.43218994 200
79.73945618 27.9287014 200
84.52347565 35.51411819 200
74.7466507 39.3440361 200
70.83333588 29.16666603 200
72.04839325 79.41667938 200
64.45230103 84.5358429 200
60.47393036 74.55374146 200
42.55331039 36.53963089 200
40.80247879 48.80447769 200
44.08051682 57.72733688 200
35.7473526 56.58068848 200
62.9312439 24.3565712 200
51.46890259 21.90192223 200
76.85926819 58.79878616 200
8.026292801 38.983284 200
38.95597458 7.715283394 200
38.983284 91.97370911 200
61.01785278 92.52844238 200
91.30319214 61.15633011 200
61.12825012 8.02448082 200
7.715283394 61.04402542 200
92.54444885 38.9805336 200
92.75085449 82.50434113 200
7.136072159 82.67598724 200
82.60038757 7.116910934 200
82.59396362 92.85845184 200
17.36870766 92.87425995 200
92.9914093 17.27177048 200
17.34277916 7.154837132 200
7.144506931 17.38747215 200
35.44817734 65.08808136 200
78.5052948 50 200
69.99789429 49.70082092 200
49.19011307 30.7912178 200
34.48634338 35.14612961 200
16.01835823 42.74789429 200
42.70496368 84.06754303 200
84.19264221 43.60741043 200
43.53488541 15.96685123 200
56.30704498 84.11602783 200
15.98593235 56.52099991 200
58.24543762 15.96551037 200
30.06575966 51.31787872 200
65.77289581 34.52568054 200
51.72087097 70.59231567 200
64.2081604 66.54163361 200
84.40058899 56.45745087 200
51.02501678 58.52957916 200
46.19652216 65.35642164 188.1959361
32.20997771 61.1091996 43.1797507
36.7851994 42.69973527 23.38039947
31.81224636 37.68795103 107.5528442
46.01766878 18.33490401 91.66871353
83.47436112 21.5832785 124.6597209
26.56239665 30.25850928 119.3782124
23.89764505 89.27714387 190.1922213
10.6740673 50.18609207 16.9887565
66.64651213 62.52814251 130.8231724
53.86153115 41.56029622 63.24258599
32.52454923 30.00678076 138.5603486
59.16875377 34.84821612 184.8718883
8.783225808 43.70798217 118.8251477
20.72688063 52.24577101 164.3088947
32.2232313 82.17012135 108.0945624
80.9460637 35.72144524 20.36871361
34.10957919 16.40224379 114.1722797
30.10810385 35.01381179 153.4980087
24.40079506 59.47832926 133.588487
28.71676974 31.07302001 18.76977442
46.27726267 89.07720867 10.21061987
30.98278504 57.30233524 110.4270143
66.24249035 58.91968778 105.3749675
51.36961771 66.60619483 73.90991915
81.3887445 76.64467952 47.50529416
37.73607205 36.85389139 183.5977758
39.15966529 44.59360724 52.42214222
69.29093085 62.8169483 87.03211052
36.53996913 18.5826558 160.5153547
11.56691145 37.18603596 107.8803807
43.54401226 44.09865933 103.0634011
44.74131149 12.25277044 172.780364
39.29978972 44.01294389 86.88471
34.1478445 86.2087553 13.23727686
65.81333788 66.02234935 13.86183397
88.83540725 46.60761054 22.48415946
87.48791053 9.587155825 100.7148509
63.72433796 87.95867578 188.9363321
7.78228286 45.34285893 173.7823996
68.19279164 10.01244808 174.2709291
86.67080648 16.8223832 12.33221413
71.0794156 77.65789717 133.7148551
89.29702841 89.61709596 40.68166346
86.95583921 49.65044857 141.2873229
15.27119442 48.2299427 149.8939679
92.10827625 63.68289522 23.83590452
66.17672399 9.901281796 146.2993933
20.86842085 73.09247708 16.06046005
28.1481001 68.62926933 173.0905466
9.3065059 87.31845541 125.2003859
68.16780502 59.44983333 30.96690905
47.79892507 46.31440947 128.874387
92.25304557 25.33142679 172.4967603
11.52992367 62.19290739 50.67546502
31.6534759 54.45555711 10.9351718
16.75546512 50.90923948 76.82375131
44.45437036 85.84842944 40.94711848
88.20810713 24.65488156 185.8514835
67.71290738 48.71122071 160.7094145
10.23466463 18.62303264 44.59789102
51.04021147 13.48482896 11.70006085
74.75274346 71.8773025 169.0547562
51.08349128 92.1016353 94.46514555
30.66168733 88.61627374 95.06736518
90.33489544 12.57520368 25.48677898
76.60488348 85.96027401 186.5124752
54.27761566 79.36582159 109.7081607
18.75528819 11.89531132 126.4748003
75.70604686 88.15556011 15.78308865
73.00820174 21.66808139 12.58325231
38.39932525 71.71995307 15.21953938
15.97635313 17.94008824 114.667101
83.60172647 74.24798761 64.771791
47.61769358 75.61011905 153.7358656
36.52081498 62.84604136 158.6408198
71.58929785 81.87198586 74.40778308
10.96174772 31.16601951 132.2603408
19.13765233 42.50554966 56.05379821
52.62520908 31.65090253 142.2098939
28.11398946 77.81739742 36.75505817
80.08772508 62.27407339 72.85907722
83.06898496 22.15425682 164.1843314
76.24623796 90.14294264 31.43090906
18.36208101 82.4758593 24.91956297
81.18355466 57.16446106 86.27305902
18.96576222 50.78972855 183.0257929
36.58693374 48.57685736 173.0963741
66.24695772 88.54843314 159.6570765
22.14976956 61.79623637 91.23508723
33.36026965 87.67405391 53.61013825
85.54509728 77.37550769 184.0933659
29.42881596 65.04564346 189.0644283
81.13919634 64.2379611 124.0481851
45.09777708 16.23097356 130.1432634
8.964133669 11.35517581 88.30273579
15.68607218 88.29005853 54.41419466
59.62385438 8.836114838 190.7313827
26.95595134 12.36612942 85.42821315
60.57194529 37.76803518 116.5531043
80.57656959 9.387453964 177.2698131
69.11660152 39.61051942 101.6907983
88.87581099 87.43166555 85.64508738
71.03374028 41.23701725 177.5847916
24.27360263 70.73410779 107.223881
59.74615687 50.73160405 140.5994012
54.50473802 52.03241424 166.5871927
19.35120066 37.31691603 12.67055454
92.15009847 80.72003213 159.8522968
78.30123333 52.84561936 98.87921311
10.95636445 57.21788299 139.3717979
8.809994657 59.63121865 107.4793288
35.1125273 12.02890127 28.38929544
49.80331562 28.62148536 45.56227243
48.50785233 58.70126235 111.6950994
38.07985472 29.32295876 76.60674172
14.38516972 74.4680432 173.5664058
34.90878653 20.77191316 172.930841
17.64696036 12.4384585 143.9182591
28.36859259 15.44289603 97.57895108
40.38472767 82.81981749 139.9150579
66.81493771 23.45584614 127.2544812
34.92555947 88.87812708 126.944047
44.02853707 22.26743462 108.540494
92.82299838 10.09240913 130.9767549
61.37858068 81.62232083 13.29676447
67.42174775 9.548505729 56.86428081
27.80334724 65.64615195 55.44507054
53.1867209 44.09938711 76.67459418
57.00884141 69.98943265 95.31412307
17.95469555 51.71119574 33.60798095
90.84465033 26.41107058 138.6350571
33.55264368 81.79478288 25.07281655
85.9797367 19.21672943 146.3161332
74.79983678 43.38884307 138.2402835
38.14791294 65.84458787 127.058719
19.15536568 18.19875813 169.1780842
10.99978033 85.02735389 99.44106709
11.20285656 69.74226098 188.0850553
31.86242447 67.27164822 31.37481994
9.937070448 46.91639828 64.73545441
8.013346792 83.3875856 169.4846588
49.01541346 45.08609555 154.2168496
37.83513635 88.54326188 173.8369048
77.8825779 54.48058131 167.0181111
43.27510578 57.90532174 92.45565526
69.02144406 47.22972774 117.1751738
87.43269218 47.26796143 157.8495597
76.93870824 81.84302337 120.2760827
13.00652214 33.78277167 147.8150935
42.02532391 77.44454665 80.56150879
48.10816953 32.75696434 107.9791075
74.15485342 17.90628716 63.27628937
34.13625391 10.69994632 16.82432868
80.52489927 8.951503752 69.24924073
58.87125329 83.13168662 35.85333082
70.75732688 67.32552355 154.8886586
32.4570681 11.36138209 52.31339554
69.528411 21.44258232 24.47146453
69.88664603 29.80714851 47.79937397
61.82341392 32.41635678 92.85590704
50.74550856 58.42256776 58.91832585
36.23264287 70.24388334 140.4108107
18.23931266 16.49503251 32.99794901
84.13267628 36.63346723 155.2485672
56.42129877 91.33912078 54.29487027
39.24065827 15.86375179 43.98106413
73.58001556 67.04779613 179.5271948
53.73996094 14.68818274 182.2148546
87.45359698 87.98935924 54.5310831
85.2838188 35.75111861 37.95708685
42.97223816 90.58312576 161.0413893
60.26789605 74.46343919 49.4712321
25.33042803 75.1405545 85.11659008
64.40257392 9.837923338 38.10938211
76.70286753 83.94731299 148.5560992
6.672612382 55.56708049 36.2972768
44.86868745 37.61729394 173.0226971
68.8212826 6.953325778 91.38768241
20.41033952 84.35871797 109.1257317
59.66647053 62.11514158 44.72590926
55.30747539 49.49362528 110.2386112
93.49119319 52.0896667 117.3310065
32.22817036 91.05099835 139.4989646
34.14031634 82.56747252 188.9264017
44.10179893 28.14141672 160.1445595
52.63379787 65.12872956 20.74352431
57.99015304 70.33432886 123.1946506
46.06067028 8.621397613 82.09341329
16.52114182 24.65838263 84.7762616
9.526587295 91.29444323 38.68612068
57.75632053 15.18868532 134.8287881
75.42784912 12.33604717 117.6150364
19.12296089 76.31619917 69.83668706
16.52046435 73.01497752 52.26004648
36.44158072 68.94522401 90.65906289
74.67607251 91.96021884 69.52001253
74.10263959 52.53588335 22.0207476
88.21523639 36.74588018 183.3259305
54.70482506 77.42682522 141.1699947
14.67938851 14.57056183 16.88590976
10.43419275 26.42092555 22.24858342
11.90752987 68.99981462 28.88419514
59.96361062 12.96480514 122.5669172
66.07797011 18.25301079 190.1670664
26.14787201 19.12600077 152.572715
87.59112152 92.67209189 102.5768901
55.71588734 16.52678885 41.09578373
71.30496519 84.25862205 172.9881702
47.20383752 57.58355076 135.3960649
88.33614822 50.03618378 39.96705157
18.09759162 59.53357531 175.1547077
68.08030873 73.43161 81.74629928
81.66227602 64.11775135 59.05731522
15.68430302 89.76376867 146.6398768
27.64878771 20.02546757 46.75862482
14.74658597 53.03179159 96.65796927
62.64381449 46.9801939 129.1952627
55.79432719 88.63874451 137.8786573
28.90180964 22.44439717 79.28880613
74.01723297 9.904978526 101.94072
6.738649287 40.69627346 78.33070712
9.611199031 11.73225082 70.43012243
6.30625916 70.65139466 142.2155628
45.83155866 54.99979313 149.782113
19.47381561 84.60429171 164.9233305
12.82343243 60.05419806 119.0313277
48.57578487 8.819077677 98.40410984
31.81880593 93.75196627 159.1206151
71.8798757 53.69213212 11.21708934
84.48860424 86.09319294 72.21903834
46.21116138 55.29245926 24.08977464
64.24593608 8.186417172 25.9188151
46.53900055 57.47900372 35.23659098
82.82532384 50.87306703 54.07947789
35.24329848 16.8354052 69.67155113
83.80306672 54.09620541 12.28151775
6.562570196 93.55972975 83.07242215
91.99620214 57.89506532 127.6607113
49.60333406 85.96107021 73.38586841
51.67904833 46.98128222 187.0976045
9.887272951 63.34260942 77.90925285
48.88251494 22.85935396 24.62284768
22.79313449 20.44331848 193.4170114
45.31107012 70.87530467 99.8012791
49.89727439 8.068327284 112.1961522
72.15803195 85.59407682 100.3355526
33.2728259 11.73823316 140.7051712
74.35032059 22.36220084 110.0905245
84.58934264 82.03530295 11.25486441
69.56677681 27.01936285 173.0294082
88.58250999 69.06670995 41.11899002
51.5423884 71.67318424 34.52785525
43.14256381 9.637371761 184.1730857
83.42040469 36.39120009 172.3536239
11.69876625 84.76715765 7.167679678
64.24621281 91.81998144 177.71245
26.93869939 20.43915531 57.66340414
53.42413938 12.42003955 59.38124424
93.61617556 57.56007779 154.1550802
78.06262025 13.9819085 29.61738025
59.17879755 30.20553854 12.8791372
48.93652774 25.93270027 79.78348054
30.55883368 31.27750229 62.61663378
20.34134151 27.52110322 37.9965582
86.73412004 7.151590131 122.5069788
28.72263896 30.0910157 168.8879119
64.58034703 34.13873301 153.7925428
45.17548828 15.06928626 145.4977327
16.10056977 70.53400986 145.9035134
30.37808218 38.82827676 45.19481879
35.98738769 36.82514121 127.9233153
82.5374484 40.48329545 104.311865
66.53968683 23.81230699 85.45460342
19.81648244 30.72198004 101.8480079
36.14540375 91.67710244 83.33912476
71.64443014 35.96971131 11.01431317
92.60606166 56.46462912 82.92488818
10.69624066 28.40532113 164.4301546
51.03381349 68.00843724 9.615658713
38.07244619 75.66659983 52.13245558
70.77861791 45.77093988 30.64300282
80.82899 69.20960805 138.6101746
41.63003377 72.04059757 170.8431209
7.542585768 78.99916072 159.6409625
82.12111177 91.02354757 166.2370403
78.5510796 31.88917337 64.61112116
91.0250741 60.33326146 50.13088287
36.18750336 28.38583719 29.49526024
65.2973558 42.38891194 61.80616233
23.98276032 75.92310452 134.662541
25.38450165 62.48279521 66.55594382
54.04695871 63.17584041 146.9526103
17.72412946 31.52273384 188.0748433
59.14966368 80.56335021 120.8411225
71.62521933 11.50157421 80.20677823
15.00296805 37.0749377 84.58459233
33.25893185 20.70602853 6.677663064
64.09307273 11.81393261 160.3440364
60.08620331 63.93471826 155.9509551
38.15679997 9.372846344 153.9228598
20.47658663 91.16007895 101.0075738
52.86152036 8.793411545 69.92545714
92.86138777 61.5509148 9.74173641
37.08075957 81.40937406 149.9724962
63.56630957 27.39603759 145.671364
21.31954062 48.48782531 44.98780451
72.76115052 68.88228939 49.73960569
30.28563854 51.10616688 148.6312207
63.04191907 16.63939762 16.15878215
71.10594262 55.08477306 140.5580421
50.54330824 27.45507981 169.9327849
80.51463991 50.75760422 120.7513766
87.80451272 7.264026028 152.8294377
63.34580521 88.9968228 71.68463044
64.04698547 89.17880566 126.2915586
7.587645136 61.17834392 61.45808079
8.797315892 29.51382562 9.503159484
8.685616476 37.50350263 30.07138607
41.52824933 10.71700206 106.3649282
76.56871066 9.398993608 189.5851126
62.43235635 87.21329169 81.5158647
9.287442159 14.32170132 136.9559127
66.61883677 18.13238939 95.33897538
42.96337966 52.16496524 43.80874746
6.845872842 66.93744871 164.0859986
64.98539813 77.93287572 22.63891786
53.30985864 19.66640057 192.2094009
38.89792882 29.59921625 42.992808
82.57692576 85.85599834 108.5047835
74.76548987 37.30339839 160.2142925
79.83362689 24.37780921 76.72675221
34.16059787 55.28898376 97.14506276
29.94484949 43.52514682 35.6350838
18.10055564 78.75249026 156.1638464
85.73399257 8.376722304 60.22582642
56.93203723 72.98253205 84.26393706
24.05068935 47.66463612 65.96463095
22.10255166 65.3514089 24.11189781
79.6734387 33.65654904 191.2189099
84.89600426 60.08328675 192.5399114
41.90784159 52.79795319 71.09122297
20.04479475 78.73034945 184.5105339
70.88788957 48.0725276 45.34036709
72.18318454 49.99673113 191.579411
37.16184494 77.42844291 70.54238556
69.59164679 90.59545337 88.01185578
21.98146645 87.48538964 82.16001914
58.60730201 30.74027487 63.92616517
80.56729143 84.78566073 129.8824189
89.54593985 39.32481527 61.62346723
18.8892624 25.8198435 52.79034899
21.53928107 38.83319369 40.73034915
31.83871385 45.39104359 192.4501175
83.47458525 16.84964799 110.2831565
31.62009378 34.25393271 92.73913544
59.17840222 39.92560214 9.803305422
91.64118385 81.23918406 130.981527
89.31786727 91.55170269 155.8167208
22.03252067 51.77208749 17.54338401
35.32434514 94.64598156 117.298063
36.85317496 92.54184336 34.41455811
85.47027385 31.66186747 91.05212168
63.43862503 24.44672743 157.8945419
49.96997991 13.67625481 49.69414378
36.11133408 51.42331016 127.6151418
7.939568247 91.68633864 115.1067411
41.73229468 47.18915172 33.54546225
71.76002727 36.13794806 39.2004676
27.78579593 54.58364154 123.83746
90.60892557 30.3424445 162.3431704
8.752035208 7.406553912 7.363848694
45.47401577 90.69233157 130.9365457
23.22661863 38.97818771 177.3158178
78.39995262 75.45676694 106.2043019
50.41123751 73.33159474 177.1426328
90.6877952 44.52462705 48.04224314
9.796003811 40.97128069 188.7778683
61.50868362 46.67039528 16.4969187
91.45707675 19.5424908 68.99527739
93.50409102 75.99696469 25.19294339
39.10650355 92.10673576 190.6227089
38.98514878 91.45017409 103.7103145
9.069644486 75.77121259 80.94997934
54.4259672 91.02465549 30.06723309
15.1699064 13.43653396 101.7825405
55.55380654 87.24255135 164.1605316
65.37608948 47.02519307 149.5022801
78.16507254 43.56940931 70.87038
92.00323294 43.13622204 128.8456583
31.45683172 84.45017096 165.4020884
35.77139657 7.829353895 81.51636676
75.55489622 89.84690684 137.1348021
64.46352186 46.2710681 89.35358971
90.09620902 36.7957939 74.83401721
9.625587443 72.95639356 69.14047241
46.51999534 36.00470377 124.1982477
29.95609884 80.83758197 174.826193
9.113357966 48.04455416 45.70681098
19.41764768 92.86567059 10.50630967
83.7291802 42.60748858 81.52959286
88.88785985 55.04032636 61.68238795
6.301033196 9.477116568 116.9449425
28.96926617 7.393478492 36.73130819
7.73137752 65.78718423 152.3719788
43.21426641 82.57608695 95.9961844
11.15791627 32.99880208 96.83715196
91.4816688 48.72635897 183.7651959
16.10966271 10.02454439 160.9767702
80.36854769 62.09659646 31.18195162
88.57837608 20.25923836 54.78056083
52.41284282 86.95879129 123.6747312
82.17288645 26.85647677 27.8792804
26.3902821 94.08285761 58.45465982
10.74754335 68.59349425 124.131727
77.9055184 8.267297293 48.06975857
60.69280456 25.31006074 77.50913568
6.330149831 38.79479246 42.64612051
55.47591996 41.8050851 98.64993118
45.00989696 23.86782795 61.04784023
88.66226077 68.66566197 85.66960744
84.87122965 65.52239186 182.3027263
80.30176145 27.9643635 100.4983307
75.20475713 27.63477511 143.4931081
70.50622994 95.48996528 105.650311
22.29201039 37.35299503 136.3947358
73.50287831 52.44676799 128.9866873
10.73221343 50.70432426 130.8288321
84.8534615 47.7568677 175.1201399
47.88249323 64.35317954 171.0518039
90.02899224 15.40896 40.69156654
72.99029114 32.81681274 115.3785411
79.89276126 22.39105112 90.79732639
93.45106372 85.99055575 118.2010922
79.51980123 8.668405825 21.08395357
67.30789654 77.40271375 185.8789152
45.17556414 5.82264141 141.8779245
53.8680622 39.81470362 87.41831426
74.44812835 45.69368795 4.862602734
48.25120647 33.6435763 17.58363356
8.812969158 69.24440847 96.92452777
93.3991302 37.23771931 28.89733774
72.42938245 68.08042171 97.39407319
92.04639741 26.09841398 15.12603695
17.59503583 17.24367162 180.8687404
6.883974856 28.21635289 79.93847831
92.96437194 74.31175995 14.3587637
9.100255441 87.03743845 136.5642771
62.79355032 71.97092175 145.4705009
86.32276075 79.74245319 95.65662524
48.88253846 13.17140978 23.58027291
61.81809229 93.4057165 24.50447565
81.70408819 6.013529007 89.01623503
18.01796833 39.10881045 95.56883935
91.05890135 65.39741956 137.9301872
36.7526719 40.50427721 76.58351603
6.593461577 88.02512947 185.1662802
43.00706656 35.95284979 153.2474569
29.05975358 12.96208727 187.2903023
24.02082627 8.994461719 70.94362964
64.82892039 49.97481759 178.1082446
30.20033133 77.85940121 143.5398971
66.99597781 72.92477527 118.9033984
35.35076886 61.82393406 22.34406546
79.28935899 32.32037367 6.500628251
19.59184057 13.41130327 49.93235413
30.2201901 38.06640974 6.519745153
63.0078996 92.33660567 37.21730117
37.81422752 74.88981312 158.8855269
8.157107802 18.09682896 172.7009938
26.0987772 8.867574254 10.25896972
65.08839573 88.48747096 109.791598
85.11360001 13.61852073 85.17191621
50.21648381 10.88143377 34.43927507
8.741917184 60.35144441 9.271582288
10.17877416 66.64104966 17.20739688
49.63523351 80.72254209 192.2812056
10.2247897 23.52892562 124.3641991
21.68799598 9.998097343 58.87005862
82.77947302 38.98439792 53.84587437
29.2826912 6.436958328 151.4290486
43.41708898 76.07872568 62.601753
7.250948569 64.51930194 173.4050164
37.14914775 74.78213809 121.0684474
30.27258979 52.63573071 74.98289567
29.42866704 55.05631866 184.9149954
19.65541117 68.98213473 128.0573394
63.71140713 33.63548663 134.3815533
89.67279338 87.39975931 147.1703463
65.67506721 38.9466082 80.73539817
80.4868147 59.83753072 44.81458693
10.1473348 43.92073799 6.313265132
74.26841864 71.12452845 60.74958782
17.18729118 32.79454088 25.76026924
78.9658579 11.79839663 164.2068731
87.98172419 90.28180626 189.1106677
63.02309348 64.99358962 191.0598533
44.41813927 24.06994493 8.602701296
11.46787032 93.05653499 166.1355055
65.72562487 27.17982903 111.1072132
45.40338773 90.50766826 61.52638224
40.57528998 41.26151108 10.74941288
91.62273703 72.40315703 102.820802
77.47872402 28.96606458 40.90170435
7.582499509 79.81182508 31.88908759
83.73327221 47.08402606 189.9918791
89.60362356 55.81181977 93.54010203
7.851070707 40.98013985 155.5737746
53.1606481 59.22174115 87.3963958
55.73213697 41.88968161 167.3802522
8.680701799 39.15019585 51.86179022
72.71474252 86.54016713 55.98229221
11.69883787 79.31013679 15.66375482
44.28327958 7.784400081 63.98902775
59.33153072 22.96094401 183.9191991
46.49612927 45.90130177 142.9397791
91.74564554 92.47358985 175.7598406
31.53230915 64.7365091 7.987151849
7.109931351 58.7853881 89.15210437
86.23358174 61.19897068 169.3762086
7.205808136 25.34416916 101.1661309
45.18463796 52.61436093 160.466617
6.369790484 12.1501592 192.9039296
63.779083 71.02833716 70.6738297
68.38935374 78.39713241 153.0814225
51.16079788 70.75412239 44.91995443
31.74148989 26.28670695 183.00889
6.907619909 93.16203089 20.92963469
30.01787747 9.731971994 106.5685878
37.84620438 66.76815561 65.61416979
55.36729845 33.58854589 72.14657288
65.70198437 49.87816163 77.27312312
90.62742532 65.29165305 161.9102356
17.01240079 60.22045113 152.5069709
40.61537203 74.80940842 180.2524416
77.02789602 46.89617629 60.98010029
4.742105647 50.85757449 55.46945129
12.73892055 33.09130793 60.99802673
59.08091691 20.47876442 52.287714
68.16726032 76.06292772 31.95408065
30.18874364 45.01609292 139.5273927
88.83894483 28.34534972 110.5355888
91.4793786 36.46159149 104.3825324
22.94718883 33.18691226 161.7154519
69.3027161 76.99994574 105.0930236
19.77196941 30.23992488 71.08742616
10.87046504 82.04315894 191.9934287
15.11584892 10.11561967 40.41033491
13.27023958 39.03095328 163.9123845
31.14330776 67.99929542 115.6553719
66.49792107 75.27244134 58.66852633
41.07522302 15.70088726 192.4396715
24.55560015 7.539616499 21.00360869
9.427939656 73.88807707 108.288464
7.419518381 72.48518681 7.044909807
77.26070182 55.78610157 62.10882756
74.79242947 74.49056887 194.4343176
11.5275385 37.75264611 20.28912809
80.21809442 8.377988661 132.0600278
46.52074496 27.29490729 134.7611928
8.356565914 28.70248018 40.49222126
48.28970528 50.27349208 7.856498151
48.50786919 61.46073048 101.3656453
7.045161705 25.61947095 32.38707332
47.19946619 27.87104576 179.7475394
31.47052664 39.0824222 165.6924644
60.02820401 86.81949426 46.04755269
42.96225885 37.29290835 37.05189526
62.00350034 36.0598693 30.59801533
9.491902848 77.87134978 57.2456171
16.74476262 80.91147649 42.22238112
27.70938375 62.30216513 76.88554194
50.36734836 56.6739755 69.23154122
42.86777365 69.72065356 30.19889623
69.88657189 31.96638991 57.89181408
20.9034056 43.48725003 28.63571913
16.984135 89.28699672 173.1977944
79.61139254 78.83834304 31.82810234
88.31563953 13.01362187 190.0147382
18.10625973 47.24105278 124.5232133
41.99429807 31.8765354 63.95229628
27.77371128 45.59514932 85.39837884
6.392292123 15.61732116 27.45356268
26.19448514 7.812320903 134.1357579
14.42065997 33.37414994 48.14408323
87.9238564 77.15637771 141.3441361
19.39300543 63.57819231 165.5995052
21.68586135 6.016217712 182.170608
53.53046612 85.0451515 19.97297364
78.19511961 90.01216497 176.6661764
89.38059973 25.5271315 45.27457053
56.4486279 81.11845723 99.01679424
37.44315397 71.84963575 38.55990582
43.11529638 41.47253099 115.5517001
80.8583109 59.17318634 146.5607654
17.1233834 50.04286088 193.0809657
7.408778307 10.86577651 179.2179535
84.35078535 52.74230382 74.61631018
43.59732039 91.10062316 119.7891503
18.49743888 60.80224959 190.0609499
17.78934028 92.36404537 30.74389781
32.13015767 60.12064531 86.54424498
92.0006515 70.03596129 192.467248
6.317726953 5.779694609 152.505498
21.65227565 58.94676204 11.39255498
91.5158742 7.670003369 161.2754781
17.96050883 39.55472194 156.0269941
61.67842934 16.98257674 6.412029902
58.34104594 31.27581133 54.41073806
10.42122384 80.80106362 148.9096056
28.43491796 83.46022661 71.62108514
91.6206289 71.6169986 112.7749244
64.9826193 92.00725875 8.356612892
28.38985915 42.92586764 128.9712217
41.07508827 26.9651989 188.3078573
35.83839227 49.55454183 118.4651933
10.03637002 79.22063364 117.4245477
49.3669701 81.41208867 167.5996496
17.04872189 13.42670271 76.79074914
7.108295172 94.42040878 142.4755866
93.14419507 61.21719721 105.8608327
50.6161954 6.588523343 133.0624195
17.5219561 24.97479137 13.31809596
88.71794315 20.30295372 92.74157989
73.46128802 33.27912972 77.08633426
9.84981663 32.89663205 118.3688415
65.96324608 75.78599584 173.9475297
4.245850979 77.18724737 131.4125735
59.47506353 11.13864166 49.96399241
58.54807993 66.59956431 179.572593
27.72332084 57.33530504 157.1898975
30.70771532 51.44186007 54.46084746
52.03681637 78.57428631 129.88579
49.20903585 87.77596292 153.1720996
21.48631355 45.19104317 116.5849059
12.32159951 8.506350835 172.464796
48.13631506 88.69379664 85.04387048
55.68321685 46.39761069 40.2381164
9.063108296 84.00009997 66.73737678
40.09485886 30.80755817 91.2577913
35.50875549 7.441585684 66.22592706
56.87642359 52.58126431 122.7582404
69.32815356 93.09767857 144.6152282
17.95617854 8.087076394 112.3282049
36.76686158 76.30120417 129.9110948
62.28139606 58.40968596 95.22844688
8.277048011 23.51491114 69.1467341
65.85433634 59.58132015 181.0646342
80.75158487 93.25479159 115.1106073
8.900684444 93.98530059 193.9587092
82.78075641 74.03369512 128.9482459
9.548132492 8.212166224 22.3472557
70.24424186 16.38953599 48.86754939
86.57601221 35.20528216 116.3210658
85.6425989 75.17895034 79.81876586
92.71327107 41.71587235 114.0893932
20.15467128 76.84691771 122.2716982
22.8892934 85.50188943 134.3938398
9.269216879 6.849483814 59.66360749
54.63469681 80.48909303 184.9639438
33.96173426 6.054710203 173.451828
31.65149049 69.21294756 99.50104537
17.26462011 16.16760895 93.37161878
42.98464569 82.24835528 124.0350653
70.6659407 93.43138101 47.99470372
32.19899724 5.894911176 160.5474938
40.64124371 62.03687481 105.7842023
38.83711415 6.771822957 126.2152425
45.17512771 7.074433849 4.560363819
49.30563 92.37421434 22.0752603
90.92150901 37.39777936 145.1428127
15.00510887 47.6159983 87.26658224
50.84687691 23.66843536 54.28819768
76.0831205 64.79238685 113.8487996
58.24554482 30.11959905 123.5946873
73.84833995 41.05556234 91.03551061
57.34982295 25.90753361 35.609087
79.17887326 17.57690367 153.9889599
51.61521425 39.0201695 51.84974011
75.47475075 50.51317472 148.6129425
26.56112781 23.91611265 128.6578475
91.18489774 8.541074575 141.7457008
81.56720718 71.35166548 19.57994882
57.56951397 4.840921421 78.68522831
36.335764 7.901982197 98.01084793
23.43921073 81.8341693 148.7068219
52.83399359 50.13896462 48.76855543
14.97948852 24.78411048 144.2381336
80.60982815 27.37184935 178.8788647
29.0708758 50.57514539 26.28799464
50.66724101 5.242672381 163.8737582
42.41974879 48.94794359 182.113742
13.5900304 21.16172581 6.735385287
53.15073922 25.45324837 128.841759
62.71330224 81.81622512 65.64369101
87.7668574 91.94465352 124.4149047
88.86097579 56.5365077 179.5722081
25.97783467 93.41246782 41.28795322
93.25608119 9.744158932 70.38577521
59.2234294 40.24676094 47.41591345
26.36554793 50.58343866 92.5196302
68.68337499 29.6092267 66.84597196
40.64306628 51.39805231 110.9446148
70.11036292 24.13850502 73.60736924
93.89503794 92.86418905 27.26848445
21.16567647 66.53546603 35.59243701
27.94128208 85.48009522 44.99250515
54.3884701 18.7066792 143.3507659
44.19185413 57.12479372 82.21064667
50.40665675 89.66578837 182.8718937
27.79400341 13.93140426 64.547021
8.570613527 73.27660248 45.01422007
13.82201903 53.52968638 5.09896679
7.205905123 23.62460828 179.6404543
52.426423 56.69305259 183.8156445
36.64232844 69.03697158 79.29308876
17.31196915 94.109598 109.4617762
75.65371023 17.9139765 174.5641566
6.829288722 55.14497704 73.72240596
31.72607838 24.27474123 101.16587
62.07872941 93.14967081 149.4140597
63.6916963 52.67847651 62.25381438
74.29414743 11.22799402 156.6882979
8.282081607 45.09348749 35.50765289
91.52145482 9.986724509 173.5999132
7.435300636 92.4796712 93.12211083
58.91829068 75.23095424 29.92572912
54.3219828 20.90560329 113.7260803
65.29693639 50.01610374 53.44147678
6.870807941 93.02985414 71.290341
66.2335199 78.7176121 89.61521134
55.84139668 8.317804285 171.2766311
73.84898269 33.78648301 85.52550944
59.31417615 15.47415092 72.38490183
25.21655656 77.35332927 94.54082942
27.30508424 91.09005719 114.9159963
82.08622504 6.315295294 10.69826172
7.003913716 13.44544364 161.9492986
66.62455511 12.647623 130.0465802
58.96617027 21.7707377 170.50936
59.07632138 47.52476489 30.17501018
48.99583556 13.29003448 157.5868083
40.15817852 24.82173371 127.654706
7.773903833 60.07540251 185.0578935
86.19094297 79.29045407 171.9331999
32.55141132 28.35506497 51.76394762
87.6798081 40.21860197 10.86598698
37.07377334 70.83936655 194.4374151
10.93297445 34.28483976 194.5919671
59.32188695 6.257657642 15.76506374
17.48098774 94.26484533 123.8706953
30.58742973 29.97099691 192.7168912
95.90710826 27.27642773 121.2988429
57.61612094 55.83517746 36.3907935
6.592089462 53.75567429 154.6414091
66.44582512 62.85448256 168.3842374
62.6561384 8.9585491 104.6310699
90.20045323 75.35683118 56.60388614
49.28816543 94.81407055 192.9977279
7.625324729 90.76967567 158.3730442
7.415048467 29.43855109 187.2970366
88.55457298 57.5930345 32.18159657
54.98784178 65.02325784 105.7767187
81.08969468 56.70168458 113.9718045
85.72846535 70.86345292 174.9582306
59.6411504 71.81083582 135.4781172
63.23309415 14.43622053 84.24694534
58.90868492 82.84878918 151.8359181
48.9760126 10.82631509 122.117218
51.63585654 43.57374592 116.8490452
47.84336403 20.2759857 164.8619184
30.43389672 12.74254217 125.4131485
18.9481785 6.600539559 31.32136377
9.276615649 6.093155198 132.1581981
64.87798221 42.04257802 24.08150583
15.39778145 52.07757663 55.21354794
52.7948957 74.54414903 22.50108212
21.31483097 89.41397081 71.91756407
49.2348823 31.92720358 191.6716805
16.33729004 28.62211018 178.1912787
25.37732255 77.42755261 49.61680468
83.92052277 71.23827898 163.2064933
41.49760239 62.17765668 58.73171982
71.27464194 21.39577631 39.46661379
86.31328884 64.33702999 92.85768316
66.66243328 48.568396 107.7827368
15.02707784 67.3878195 9.505841908
51.16043337 73.65894938 53.82601873
90.09828882 41.83147695 166.9748561
93.05848513 23.87747162 77.9512834
90.87273959 25.81309981 152.9044799
53.95293152 29.49964518 97.79766837
59.29957633 21.52813819 22.75533707
23.30116042 65.00680364 158.3320287
19.31523134 36.31581893 126.723461
64.87800245 36.03591928 18.63790234
66.99010863 81.2566114 42.16454781
20.82425931 46.64709431 6.416504523
54.91896645 65.23510035 52.41571522
55.98926583 90.05334505 4.790013231
87.92329324 69.03274274 145.9182603
75.35158204 53.65705304 76.09401645
71.59071239 82.29510721 64.36597389
28.23075652 23.33263201 29.81843476
67.90281542 46.71790985 69.73643456
18.43346392 72.5529009 162.8875522
6.55236892 21.14239003 14.04316974
66.86923017 22.18996431 136.9515452
62.57103883 34.7140389 166.015566
8.064213686 25.25835073 153.8240958
36.12834212 11.08178107 89.74646568
37.05186391 29.24751343 120.534429
15.7212648 66.82979594 104.0477599
61.39965707 61.59959663 73.57869925
50.4111478 82.8015444 176.5316962
41.5416284 93.52002931 72.99088455
43.17581775 68.12369984 51.84439833
43.28738319 41.08737769 191.9203176
8.206471397 12.99789488 53.61462861
23.24900172 40.63453306 147.2963942
42.68725224 33.45621069 143.2137827
16.60601504 48.91439012 138.3275107
52.67886909 20.71957685 153.7130467
74.77293213 28.30223162 165.4687348
87.4885185 7.118170876 111.2324582
94.55151137 19.54049072 157.6614719
59.33804529 82.50367865 130.6520908
75.04453193 23.76371917 193.2530682
25.26137235 21.67554846 111.2800152
21.1545627 63.52510723 45.28182683
40.53398814 31.02996743 196.0928466
41.39077671 24.12892576 150.6621479
75.07910989 41.33952364 109.5848014
6.146152438 13.82358816 98.8691403
77.07311384 93.40817758 7.282432057
18.36251239 75.27494846 33.03788598
33.79039833 9.863626796 195.2624161
4.197017073 32.52466844 175.2934779
36.28858618 54.70720158 30.95338659
93.34982115 55.35905727 190.3813768
27.29387654 19.55480515 142.08767
71.78105975 37.67812774 188.1267765
28.05451365 33.84350088 34.80268316
79.36147558 43.12718951 34.14967181
49.93887058 61.42593287 155.4350342
62.81605877 77.81704558 160.9090974
84.65821014 44.15161663 3.55284927
70.29284074 10.35122977 18.62598859
8.026765756 4.438476705 49.34035832
55.41863611 88.96415613 112.5307055
38.91924368 22.26175123 18.131259
26.49067675 81.02136672 127.3019731
78.15104554 30.43543844 54.19789994
93.34675921 69.27479272 50.51187165
47.48799653 60.06936907 45.83938844
86.49776961 8.427032577 46.15141761
57.35368883 76.76584631 172.0497947
11.12566201 44.52279411 94.92228887
93.41319664 26.26331438 96.33884652
45.76134425 60.85943902 7.127674145
70.98027214 57.92907738 41.42938353
5.563052711 89.62196085 150.5593919
87.00848219 91.83338664 23.0941709
11.69982398 88.60529373 15.64973288
41.1949398 14.39682267 6.247604221
91.72032616 93.57946666 114.109164
27.73358808 91.68377844 22.47375456
20.39787924 54.45040257 111.5254403
88.95789058 92.79855021 133.8942468
93.37570966 14.39397909 88.18114008
81.8034218 64.68105245 13.22662385
46.7087697 39.29460176 29.67379939
95.81603648 67.03742818 154.5618437
34.84780313 58.04821791 134.3154315
71.99552913 33.53697855 136.3280182
77.45664267 20.52782575 48.51411761
16.2501578 88.67911938 91.68916662
42.54802154 19.8656967 34.35976008
34.63931569 27.67854125 110.8208938
73.86737866 24.4978713 184.8115106
53.8063716 29.71393347 29.00136368
71.23713437 4.640513267 183.8894904
91.99658902 67.83371112 129.392463
27.18394885 78.92905528 155.478465
13.19417036 85.950352 79.54239146
6.945145102 14.85926832 106.7170012
39.45286248 53.12620263 194.751238
45.98075355 32.12787874 98.38578641
74.92747352 43.26400531 127.3490246
4.601003554 44.94188353 139.707418
8.217791815 76.37735469 181.6279063
54.60891481 15.72185819 104.9803095
8.933811191 94.48280962 47.60660198
11.53092429 23.85290184 192.5596299
80.50226732 53.89526013 154.1120223
9.738159056 9.579100463 33.33352808
72.62015406 29.26507609 31.91283756
65.42081508 16.59905837 113.5344239
29.81401622 71.48894816 159.4628721
5.877145897 62.25617623 26.59311561
26.44576587 44.93636883 12.46732423
22.15070619 57.43144924 100.7230127
31.75299074 55.42260005 165.7007335
20.71377201 82.08970657 176.185973
67.75955959 92.15962985 169.1231613
43.86231923 3.84051473 194.4332422
96.63479963 73.97176479 33.48659953
89.52867974 78.70738998 38.24946954
4.926728169 91.2973119 58.06329211
39.41326231 42.78931857 66.22454217
22.36700265 65.94915867 82.28133379
67.73986787 49.0931044 97.92392024
5.849111747 55.9893403 196.0208723
91.91383244 77.15698286 120.2551189
95.04482721 95.3723075 56.26349959
77.23434674 82.42133286 164.7151703
41.77417941 31.20152315 12.35754911
7.723314659 95.2341565 176.6460616
21.16462047 87.07442006 118.1954679
95.25672237 78.59386949 187.5960916
45.77216502 7.293259867 42.1291546
82.35221 72.60659232 115.30628
8.336725955 94.62425332 105.8390871
55.33495154 74.21645417 65.57634813
23.53445154 7.421065868 166.8342931
49.01817598 27.01820545 35.11611657
49.64665173 38.03095634 161.8073071
66.64814842 56.81403693 121.6137927
74.7547286 44.66595638 83.38830198
28.77412083 93.17255743 106.0184688
57.00317707 27.13547895 108.9481302
25.09998711 64.06874491 119.7806731
83.5237706 77.16380142 153.3047761
58.41753256 8.381359284 96.0353386
10.55530314 16.99301243 149.9633014
23.22508261 48.66319675 173.6917857
89.25230141 44.83876405 95.18059812
6.416456669 16.14995513 61.42532325
91.88214769 24.91849068 25.61917091
64.96201781 38.85189659 192.7764116
29.75390165 46.98602556 112.0092309
23.84699135 55.07002136 51.20878379
65.4312324 4.047209465 134.0447042
23.49322836 20.30124975 22.83578709
51.49391184 34.10702848 7.985863327
37.45142077 90.481793 25.60234471
79.78492342 22.47294745 5.382524147
94.6956808 83.69112206 29.0146537
34.37868922 12.86002652 179.675784
37.00281459 49.11307604 160.5105926
57.67608682 3.475443714 44.14717025
93.21474776 85.89474531 109.6259095
5.946702976 55.47660174 124.9040504
75.0839351 80.0793455 87.00654754
46.34594769 92.82178597 52.17998575
15.03170198 79.65228417 129.6933678
29.57303953 3.35046973 117.7514008
25.0298275 91.85502306 176.1175313
7.172242257 52.56650711 82.2860642
76.26924413 84.21435059 39.88635942
47.99117059 70.67874958 131.1969094
18.11178612 24.01005189 63.85316276
41.07043876 43.58607668 165.2676211
55.45018096 65.71767984 167.3954242
78.67150096 80.46335583 4.483156468
96.03364599 6.469595206 47.69014376
87.29746519 14.34945762 76.05850927
85.27281269 85.8641516 28.01822136
69.5509755 4.260149915 164.72404
6.054662542 5.809624967 143.4389577
90.79891699 92.2759436 65.22651091
25.95561189 26.9602054 90.44765383
71.62601028 11.79109471 70.24973297
9.198052565 50.49169113 189.7953654
86.36287779 51.53326201 110.4814867
25.07696331 6.594468438 193.6631079
16.41792402 70.40913309 93.32005288
76.47942943 90.36276082 157.1990259
76.08257232 62.57029599 105.0048211
75.73069797 78.35060622 179.2281098
50.78784132 71.63997279 117.5832745
16.00164925 63.31147676 59.81031823
41.21896562 20.74437036 120.2091759
69.92279722 5.893506667 8.11681681
41.59613117 10.07888722 163.2854375
93.92484039 33.39788058 45.32689481
96.04208563 14.61573744 60.90420953
81.33605399 71.6069585 9.003596257
38.32199405 74.12737114 112.8222505
66.97625105 92.94428674 98.30710245
57.93972177 19.47035511 94.81312362
43.4855159 85.84093699 110.3329925
43.29711784 76.78441288 44.8426014
44.21767313 19.52883849 181.2478345
69.83599615 56.69695444 66.18632366
55.36738179 33.37754688 81.95989953
23.31472534 84.1682371 13.22372415
70.92391491 59.38146372 148.727438
14.14273556 92.17200326 63.19504822
67.97678343 26.21497496 101.674698
82.18984103 25.10101336 16.96042206
83.92075791 67.53261628 155.0952692
53.97053018 37.36215431 37.93482548
13.19765922 6.378603222 190.6076258
39.64455048 27.33749298 100.2806982
22.15210271 68.85636614 74.73073506
4.421327569 69.9460439 60.29791874
16.95329039 71.39088202 43.00001527
17.01265531 87.71084888 156.3590787
88.35590403 68.0492424 75.5007443
60.36832504 57.80196076 22.38573411
72.4366878 83.51690926 110.390498
36.2328065 62.94521833 146.6080348
27.8339508 73.58938686 66.13820352
38.30893297 7.19582215 116.2960035
90.35317458 4.695848892 83.67730164
51.25129748 79.44163285 90.79366907
7.01429816 48.19210216 102.2723986
50.89513018 95.95053476 44.33553628
26.54848633 92.31067092 147.248767
49.99219984 10.57823068 191.5764553
80.30019284 89.49376001 61.23094877
25.07373418 7.026064604 44.79066778
74.0091758 56.58164106 183.5232398
45.99105824 51.60897754 117.8212703
39.24038638 4.515506052 39.30034256
67.21438052 63.4205402 56.62749747
68.89546501 49.24500805 170.7773454
95.47993581 73.77148524 169.8017942
4.500063927 70.17119553 37.10966762
94.05205394 37.53201897 19.66881649
64.67648951 43.02803369 36.7497785
77.85447052 57.7974785 176.3453962
36.97717737 78.18989609 5.925726574
93.76974201 82.84356371 178.0338076
96.15795561 56.21397867 183.078262
69.93221106 37.45593787 126.0857308
93.98631513 52.9635401 169.3554405
51.76228742 34.00837171 130.7742089
78.1635142 65.94094442 187.6159068
70.68962909 38.9810317 49.68921788
55.69796218 42.12075065 138.3154036
36.20347844 53.60551402 63.62468494
44.78083512 70.26951807 145.7785798
15.03073646 66.83167567 134.6652766
59.15791984 49.03106575 69.40538136
56.12338021 54.80849367 192.9559215
91.62870105 59.29403195 73.87169926
18.77097018 41.27532019 194.2526534
19.33368025 11.90123665 5.339381879
84.28781318 23.06074854 37.60699884
60.04516118 5.745779725 116.9466025
4.594184808 79.15246095 39.5718932
7.273643354 82.49313812 109.5059858
89.54499351 48.1863331 69.52051926
20.75721797 45.31656206 104.5028353
6.924850137 32.71896283 71.78905929
70.92355352 64.31659377 140.9283402
42.77381389 77.43443344 26.19501256
13.45153248 62.40957827 36.72336536
47.03703286 53.86349955 15.13813441
53.80566882 40.15293409 21.99011174
93.94456147 71.81777463 92.82711065
26.10737205 44.99032283 98.65952146
80.30008266 95.23051821 56.08435175
93.89690467 19.23512943 117.4725651
61.09937102 7.633409045 8.009269106
43.18455842 85.14112565 25.3589177
75.68075401 34.45653126 149.8687833
40.53940021 33.53696854 55.61349313
5.446143281 86.20634923 51.72679024
84.64211844 48.74405379 89.41960225
66.98273006 67.50074867 40.65325758
76.53974847 69.32277125 38.56284697
46.58656798 77.40667454 6.534568583
60.75736634 6.653231467 65.09304951
57.1608223 28.60634828 193.9902413
32.64135035 3.582958063 8.395209226
36.49970061 19.99347367 57.34999939
44.39318332 56.78085539 176.5596734
32.95388628 50.63237213 41.56006752
54.22130121 77.0235115 75.81537732
55.97799509 40.15365913 149.3936552
54.64275761 3.427859816 183.7046417
52.42626321 55.55098682 175.3983624
45.92622338 36.20557398 74.89320519
81.86120548 7.296943023 38.53064014
77.98769864 67.31850222 89.45500526
28.24922716 14.29320562 165.154782
44.1509165 17.74422537 71.15639191
63.54216888 54.94919423 189.8068909
14.05800778 4.726451482 79.5281474
56.71710042 4.28024487 156.4544362
53.58897038 5.907290539 23.98593763
32.70824054 19.91781998 191.9714606
59.2218431 16.03991722 152.4023946
61.9165374 57.53966461 174.0798212
83.08754669 38.14411413 126.064444
7.433358759 62.70311638 129.6898954
65.30409091 63.99551714 116.7744463
88.44224806 4.953945717 33.67773025
13.11284186 79.97968407 138.4339947
38.86575178 57.48344773 52.01295193
18.62796284 38.83528867 71.51575843
17.37330118 59.84379247 81.93316483
90.65298675 6.890997735 185.3342131
69.74243583 18.54410569 152.4983525
95.45844464 4.43879313 177.4454157
35.49894374 19.58589879 88.93588569
93.84819164 45.93146485 87.50609045
53.30418509 28.63033713 156.8720959
94.55221885 66.97270048 178.9136234
56.57363574 93.89641172 170.1446722
44.06697122 63.65280486 14.63561017
61.46624675 50.85227688 5.376626276
91.79563464 59.09995624 143.8317159
41.84747982 77.12243319 105.5044452
21.93427596 7.752343048 94.36810336
15.97652867 37.06999639 181.5779283
32.14279209 82.80428414 84.99242287
64.38058543 28.63901735 39.49028144
18.75474752 27.58424463 125.9089291
4.138810358 85.86456328 79.20480713
95.48623986 89.43183731 14.09335896
61.14064489 60.20669521 5.505527196
32.76651102 73.45290543 182.4847348
36.35889432 71.05016884 150.1426978
47.52705544 53.19989547 194.4123494
88.2125617 37.63887632 193.1228541
54.6337896 72.68475345 186.6463617
85.97888694 31.29976007 146.9037342
76.24408226 88.23167799 82.91128299
82.30415364 57.01193571 20.70006896
6.433505154 45.63614008 86.0162198
90.16256168 27.93618366 64.40111955
21.38609975 16.99531375 70.98356306
80.89754906 50.93790405 133.5550886
29.23796666 48.00815687 159.9404835
54.2241074 61.30001025 31.46858666
4.07362525 76.24305925 91.09610191
82.54782127 81.61338219 21.31425387
94.50662147 86.66103322 100.5193052
68.54397368 95.27725515 195.974137
16.34673993 70.15966142 115.7609262
91.22760378 50.51275902 8.600459595
91.85945532 39.54839377 136.6561893
93.13390721 74.0941073 152.6296104
5.745062629 53.89966444 178.880336
11.16117428 58.72460063 159.1399963
42.24493561 86.84158468 79.30682528
63.39659086 56.91730165 151.9744207
92.73898065 40.72775579 175.3389251
14.96648703 5.322824335 138.1314358
55.82204804 22.68803707 61.77417957
51.20011593 44.45929162 175.1128631
56.42632546 5.079259443 126.6279987
26.23797322 58.15901969 34.03543251
25.99462495 82.08009194 59.3569466
6.549918412 93.4534594 12.10461369
77.77839365 43.98549391 49.62053784
40.09395987 21.04783857 136.8721601
70.97897915 72.77907227 144.8522815
17.89140801 66.72682701 182.2230858
56.43041808 79.29686717 56.83810453
32.15384331 45.48125745 68.23988027
44.97134612 82.41022321 183.4257188
82.10046291 72.8282215 98.23587206
68.63394952 75.224529 5.628273631
34.5412922 81.88652147 42.75944127
20.95626133 80.06178049 196.502353
64.00175472 81.21148203 145.4068571
95.298473 53.26711432 134.7533301
79.79978025 92.22601723 42.79519202
63.3129718 54.1902257 113.7505731
37.31009169 59.31888223 170.0056393
93.39930711 28.45803914 34.41194685
30.08573936 92.82066866 68.70912914
58.83130757 44.12191745 159.8313482
45.45492653 35.77874012 134.4508671
38.85240766 28.732226 169.0437445
69.49350944 19.68306988 180.7458517
38.70959506 88.90210468 67.24291595
27.45259231 5.533872891 77.89142926
8.517162002 83.9385391 87.31252198
63.55719345 24.94236059 7.403478157
24.72848514 18.95259184 120.3369482
49.92812104 23.10946769 101.3651403
64.14281394 19.33962631 164.8246015
95.04554599 91.35221087 48.93989362
62.83882941 28.74616194 22.34756185
57.87227525 82.38930431 89.03481566
72.3169597 92.36998307 121.9926103
61.98175563 96.4726083 60.3235458
96.33154494 6.866003086 118.3825757
44.05418183 92.61137099 149.119151
94.7348538 47.08967931 34.35959688
48.2897937 48.89944107 93.5423908
31.04281657 16.83564312 38.52479109
39.86378373 61.75201959 77.15646886
16.1800631 93.72270407 44.79432406
78.3708022 17.13146681 40.14755296
73.82020204 75.6471096 113.5417557
93.89574725 14.67994231 108.0912567
59.31930219 60.33056031 81.65915576
73.50344079 56.05508856 118.4154465
17.58970398 3.356467824 54.82858824
70.91854537 68.51228271 105.4919794
93.299559 25.09313777 6.347988839
74.61423888 15.97399571 195.5285568
58.1506055 87.71984501 62.83602909
26.99431798 15.85767799 174.8817986
77.07739838 90.53656894 195.0756318
16.32019926 22.67019956 134.9279537
95.65243067 70.80218258 142.1664344
24.6379727 70.56541434 153.05382
63.5894163 33.30330967 72.69203594
77.88629698 9.007820598 56.31887143
22.03987127 34.75725835 61.16781982
96.65784623 55.96956611 57.27402712
62.205165 32.894291 173.5245228
11.3416324 56.82915537 169.3808113
36.57129063 60.88919801 194.9978774
