// ================================================================================
// CHRONO WORKBENCH - github.com/Concrete-Chrono-Development/chrono-preprocessor
//
// Copyright (c) 2023 
// All rights reserved. 
//
// Use of the code that generated this file is governed by a BSD-style license that
// can be found in the LICENSE file at the top level of the distribution and at
// github.com/Concrete-Chrono-Development/chrono-preprocessor/blob/main/LICENSE
//
// ================================================================================
// Node Data File
// ================================================================================
//
// Data Structure:
// X Y Z 
//
// ================================================================================
0 63.37610245 158.7623749
0 58.45183563 167.43573
0 67.69041443 171.1430969
0 67.69041443 28.85690689
0 58.44549561 32.57985687
0 63.34441757 41.31557083
0 8.681430817 100
0 0 94.11764526
0 0 105.8823547
0 100 94.11764526
0 91.34371185 100
0 100 105.8823547
0 33.44975281 61.65802002
0 34.6096344 48.17795181
0 24.27915573 51.90268707
0 0 152.9411774
0 8.098029137 147.1199036
0 0 141.1764679
0 0 58.82352829
0 11.51791668 54.30516052
0 0 47.05882263
0 100 141.1764679
0 91.91278076 147.1320343
0 100 152.9411774
0 100 47.05882263
0 91.91278076 52.8679657
0 100 58.82352829
0 51.4377327 10.81035614
0 55.55555725 0
0 44.44444275 0
0 55.55555725 200
0 51.4377327 189.1896362
0 44.44444275 200
0 0 176.4705811
0 10.17682648 171.4558105
0 0 164.7058868
0 0 35.29411697
0 10.17004299 28.57830238
0 0 23.52941132
0 31.32332039 111.6668777
0 38.04403305 99.07175446
0 27.06311798 101.3142548
0 63.0202179 62.05506516
0 57.51558304 70.93389893
0 68.8923111 74.84095001
0 100 164.7058868
0 90.30047607 170.9559174
0 100 176.4705811
0 100 23.52941132
0 90.30047607 29.04408646
0 100 35.29411697
0 25.63071442 40.18779755
0 72.76138306 190.3780823
0 66.66666412 200
0 77.77777863 200
0 33.33333206 200
0 27.13708878 190.3312378
0 22.22222137 200
0 22.22222137 0
0 27.13708878 9.668762207
0 33.33333206 0
0 72.76138306 9.621917725
0 77.77777863 0
0 66.66666412 0
0 74.11608887 63.2207222
0 9.897830009 76.09591675
0 0 70.58823395
0 0 82.35294342
0 0 129.4117584
0 9.571543694 123.665596
0 0 117.6470566
0 90.41483307 76.289711
0 100 82.35294342
0 100 70.58823395
0 100 117.6470566
0 90.41483307 123.710289
0 100 129.4117584
0 23.29399109 147.6404419
0 24.74868393 160.2121277
0 33.55841064 153.6438446
0 57.49208069 121.0610275
0 68.35966492 125.3271408
0 71.81786346 115.730278
0 62.75547409 110.1497574
0 71.91069031 97.67917633
0 72.73171997 85.41105652
0 63.72389984 90.97699738
0 74.1267395 160.0728302
0 74.11782074 39.94120407
0 60.93873978 101.2685242
0 52.5253334 159.2836151
0 52.49461746 40.79892349
0 30.46155548 73.85668945
0 40.8963623 73.5847702
0 43.38178635 64.75933075
0 45.16082001 90.58345032
0 49.79702759 100.3023148
0 36.60584259 89.99340057
0 38.90641022 139.1990967
0 51.44734955 140.9895172
0 47.81232452 130.22435
0 52.62431717 111.0316086
0 0 200
0 9.554018021 190.3413239
0 0 188.2352905
0 11.11111069 200
0 100 0
0 90.44598389 9.658678055
0 100 11.76470566
0 88.8888855 0
0 100 200
0 90.44598389 190.3413239
0 88.8888855 200
0 100 188.2352905
0 0 11.76470566
0 9.554018021 9.658678055
0 0 0
0 11.11111069 0
0 51.96665955 60.99689865
0 60.376091 131.0741577
0 72.56887817 136.2786255
0 62.55155182 140.4138336
0 16.87240601 182.3559875
0 25.60779953 179.9356232
0 35.16032028 184.3940277
0 39.81947327 174.6139984
0 29.0550518 170.4399109
0 64.12832642 184.7123413
0 73.55686188 179.6896057
0 83.12825775 182.3655853
0 25.60779953 20.06437683
0 16.87240601 17.64400673
0 35.16032028 15.60597801
0 39.81947327 25.38600349
0 29.05177116 29.48100662
0 73.55686188 20.31039047
0 64.12832642 15.28766251
0 83.12825775 17.63441086
0 61.33211136 82.62425995
0 49.89077759 80.36699677
0 92.1283493 88.23529053
0 83.34567261 84.70345306
0 91.86685944 111.7307892
0 83.0814743 116.2089005
0 20.4870224 74.45181274
0 16.92256546 83.81159973
0 15.81224346 67.11969757
0 27.0330677 84.54398346
0 21.64361572 124.0840073
0 31.14194107 125.0768051
0 17.17783928 115.3842468
0 27.19158363 135.682785
0 16.37845802 132.4183655
0 78.81156921 75.44668579
0 83.71591949 67.37304688
0 78.66694641 124.2028351
0 83.64628601 132.4750977
0 8.257702827 88.2742157
0 8.141646385 111.6916733
0 42.67183685 55.08466339
0 50 49.76398087
0 76.73391724 52.31447983
0 67.349823 51.94206619
0 7.323432446 135.2941132
0 7.323432446 64.70587921
0 92.70198059 135.2941132
0 92.70198059 64.70587921
0 39.16044617 191.8324585
0 39.16044617 8.167538643
0 61.11111069 6.932126045
0 61.11111069 193.0678711
0 92.77494049 18.32625961
0 92.77494049 181.6737366
0 7.320650101 181.7718048
0 7.319293499 18.23502159
0 67.48940277 148.2494354
0 76.73391724 147.6855164
0 92.22379303 41.24287796
0 83.73902893 36.87034225
0 92.22379303 158.7571259
0 83.73902893 163.1296539
0 7.59481144 158.7743988
0 16.17922783 162.6455994
0 8.09766674 41.39775467
0 16.11274529 37.68872452
0 57.81177902 177.1262207
0 48.95204163 178.9199219
0 57.81124115 22.8751049
0 48.95204163 21.0800724
0 20.29374886 170.7851715
0 20.16359329 29.73303986
0 78.75696564 171.22612
0 78.75547791 28.77622414
0 81.90279388 93.64212036
0 80.34143066 105.9708099
0 19.36567688 93.91127014
0 18.62550545 105.6613846
0 22.79486847 61.28297424
0 17.74572372 192.5757141
0 17.74572372 7.424289703
0 82.24902344 192.5786438
0 82.24902344 7.421351433
0 58.64334106 148.3503876
0 50 150.2360229
0 58.26805115 51.61923981
0 34.89658737 163.7440643
0 43.47842026 164.5110321
0 34.85801315 36.21923828
0 43.47697067 35.48612595
0 50.17314529 170.315094
0 50.16664124 29.70101357
0 17.39067268 141.2200775
0 82.60839081 141.2613525
0 83.41178131 58.11420441
0 41.72298431 147.8892059
0 83.68985748 46.8918457
0 83.21816254 153.2955475
0 16.21756935 152.9354248
0 17.04115868 45.56486893
0 37.21378326 130.9299927
0 41.01666641 124.4669037
0 42.90600204 183.7900085
0 42.90600204 16.20998955
0 55.2027359 92.41564941
0 43.25783157 44.19971466
0 69.81391907 106.3439026
0 43.04212952 156.3831482
0 48.73023605 70.12837982
0 36.49972153 118.812149
0 43.40569305 115.4672394
0 48.6711731 120.9050827
0 43.03887939 107.5079575
0 29.4198494 93.10932159
0 37.32947159 81.83639526
0 32.51548386 145.1925201
100 67.6891861 171.1376343
100 58.4503746 167.4334564
100 63.37104797 158.7585602
100 61.60762787 41.94740295
100 58.16901398 32.37540817
100 67.6891861 28.86237144
100 100 105.8823547
100 91.318573 100
100 100 94.11764526
100 8.656285286 100
100 0 105.8823547
100 0 94.11764526
100 100 152.9411774
100 91.90196991 147.1199036
100 100 141.1764679
100 100 58.82352829
100 88.56647491 54.32556152
100 100 47.05882263
100 0 141.1764679
100 8.087219238 147.1320343
100 0 152.9411774
100 0 47.05882263
100 8.087219238 52.8679657
100 0 58.82352829
100 44.44444275 200
100 51.43780136 189.1894836
100 55.55555725 200
100 55.55555725 0
100 51.43780136 10.8105135
100 44.44444275 0
100 89.82898712 171.4642487
100 100 164.7058868
100 100 176.4705811
100 100 35.29411697
100 89.82898712 28.53575325
100 100 23.52941132
100 71.75895691 98.79840851
100 60.40434265 99.7718277
100 63.8865242 90.74728394
100 68.67668152 111.6668777
100 31.1076889 74.84095001
100 36.84235382 62.48970413
100 42.48441696 70.93389893
100 0 164.7058868
100 10.17363262 171.470108
100 0 176.4705811
100 0 23.52941132
100 10.17543411 28.53252602
100 0 35.29411697
100 66.66666412 200
100 72.7612915 190.376709
100 77.77777863 200
100 27.13699341 190.3326111
100 33.33333206 200
100 22.22222137 200
100 33.33333206 0
100 27.13699341 9.667391777
100 22.22222137 0
100 72.7612915 9.623288155
100 66.66666412 0
100 77.77777863 0
100 59.66729355 54.28474808
100 50 49.76398087
100 68.30371857 62.08375549
100 57.15884399 64.42230988
100 26.01011658 63.35845947
100 23.26608467 52.31447983
100 24.73797989 39.79457474
100 33.53863525 46.51863861
100 90.42845917 123.665596
100 100 117.6470566
100 100 129.4117584
100 100 82.35294342
100 90.13559723 76.22621918
100 100 70.58823395
100 0 70.58823395
100 9.585169792 76.289711
100 0 82.35294342
100 0 117.6470566
100 9.585169792 123.710289
100 0 129.4117584
100 24.7335434 160.232254
100 23.26608467 147.6855164
100 33.54483414 153.6532135
100 42.50791931 121.0610275
100 31.64033127 125.3271408
100 28.18213654 115.730278
100 37.24452591 110.1497574
100 74.57611847 87.83867645
100 27.26827812 85.41105652
100 36.27610016 90.97699738
100 28.08930588 97.67917633
100 74.2385025 159.760849
100 74.30827332 40.56151962
100 39.06126022 101.2685242
100 52.42626953 159.7162476
100 51.09038162 39.01919937
100 69.79055786 72.45665741
100 59.7552948 74.24053955
100 50.20297241 100.3023148
100 54.42939758 91.31336975
100 52.18767548 130.22435
100 60.4024086 139.1395569
100 48.44249725 140.9760437
100 47.37568283 111.0316086
100 9.554018021 190.3413239
100 0 200
100 0 188.2352905
100 11.11111069 200
100 90.44598389 190.3413239
100 100 200
100 88.8888855 200
100 100 188.2352905
100 90.44598389 9.658678055
100 100 0
100 100 11.76470566
100 88.8888855 0
100 0 0
100 9.554018021 9.658678055
100 0 11.76470566
100 11.11111069 0
100 48.40189743 60.89304733
100 39.61465073 131.0500946
100 27.3005352 135.9861603
100 37.47573471 140.1649475
100 16.87174225 182.3655853
100 25.60779953 179.9356232
100 35.16032028 184.3940277
100 29.0534668 170.4422455
100 39.81947327 174.6139984
100 16.87174225 17.63441086
100 25.60779953 20.06437683
100 35.16032028 15.60597801
100 29.06319427 29.56934357
100 39.81947327 25.38600349
100 64.12832642 15.28766251
100 73.55565643 20.32093811
100 83.12759399 17.64400673
100 73.55565643 179.6790619
100 64.12832642 184.7123413
100 83.12759399 182.3559875
100 38.56736755 82.6698761
100 49.50609207 80.64070129
100 7.871649265 88.23529053
100 16.65432739 84.70345306
100 8.133141518 111.7307892
100 16.9185257 116.2089005
100 83.311409 84.72373199
100 78.30945587 76.04898834
100 84.1877594 67.11969757
100 68.85805511 125.0768051
100 78.4339447 124.1242676
100 82.82215881 115.3842468
100 72.75650787 136.2272186
100 83.62154388 132.4183655
100 21.20345116 75.46308136
100 16.28408432 67.37304688
100 21.33305359 124.2028351
100 16.35371208 132.4750977
100 92.13771057 88.23529053
100 91.85835266 111.6916733
100 92.67656708 135.2941132
100 92.67656708 64.70587921
100 7.298018456 135.2941132
100 7.298018456 64.70587921
100 39.16044235 8.167394638
100 61.11111069 6.932126045
100 61.11111069 193.0678711
100 39.16044235 191.8326111
100 7.319878578 181.7765808
100 7.320239067 18.22394562
100 92.68051147 181.7734833
100 92.68051147 18.226511
100 67.46524048 148.2386932
100 76.70600891 147.6404419
100 7.592349052 158.7794037
100 16.16722107 162.6699219
100 7.593530655 41.22232056
100 16.1848774 37.35583115
100 91.90861511 41.3604126
100 83.87771606 37.27173996
100 92.40899658 158.7799377
100 83.87771606 162.7282562
100 57.8118782 177.1247864
100 48.95209885 178.9197235
100 58.11181641 22.78281403
100 48.95209885 21.08027267
100 78.73123169 28.86605453
100 78.71960449 171.1876678
100 20.28870964 170.8039551
100 20.29271126 29.20400047
100 18.09720612 93.64212036
100 19.65856934 105.9708099
100 82.48679352 94.32027435
100 81.48691559 105.3102417
100 77.20513153 61.28297424
100 76.66604614 52.13118744
100 17.74568558 192.5762787
100 82.24898529 7.421922684
100 82.24898529 192.5780792
100 17.74568558 7.423718929
100 49.18119049 150.4590454
100 58.17473221 148.6535797
100 34.89238358 163.7408447
100 43.47806168 164.510437
100 34.87240601 36.27225494
100 43.36326599 35.55960464
100 50.15636063 170.3864441
100 49.89040756 29.62596512
100 82.60932922 141.2200775
100 17.39160919 141.2613525
100 16.8284893 58.30432892
100 40.63955688 52.99690628
100 41.17937851 147.8938904
100 16.20633698 152.960083
100 16.11636353 46.97658539
100 83.11911774 45.91664124
100 83.1750412 153.2640228
100 62.63759613 131.0269623
100 58.98333359 124.4669037
100 68.11058807 50.20172119
100 42.25070572 43.35509872
100 42.90602493 183.7899628
100 42.90602493 16.21003151
100 44.71684647 92.18486023
100 32.05934906 55.5356369
100 30.18608284 106.3439026
100 43.16313171 156.3197937
100 51.46131134 70.22609711
100 63.50027847 118.812149
100 56.59430695 115.4672394
100 51.3288269 120.9050827
100 55.93645859 107.2963943
100 31.84482956 145.7643738
100 67.35546875 80.75576019
100 58.98655701 83.53952789
67.6891861 0 171.1376343
58.4503746 0 167.4334564
63.37104797 0 158.7585602
67.6891861 0 28.86237144
61.60762787 0 41.94740295
58.16901398 0 32.37540817
91.318573 0 100
8.656285286 0 100
91.90196991 0 147.1199036
88.56647491 0 54.32556152
8.087219238 0 147.1320343
8.087219238 0 52.8679657
51.43780136 0 10.8105135
44.44444275 0 0
55.55555725 0 0
44.44444275 0 200
51.43780136 0 189.1894836
55.55555725 0 200
89.82898712 0 171.4642487
89.82898712 0 28.53575325
60.40434265 0 99.7718277
63.8865242 0 90.74728394
71.75895691 0 98.79840851
68.67668152 0 111.6668777
36.84235382 0 62.48970413
42.48441696 0 70.93389893
31.1076889 0 74.84095001
10.17363262 0 171.470108
10.17543411 0 28.53252602
27.13699341 0 9.667391777
22.22222137 0 0
33.33333206 0 0
66.66666412 0 200
72.7612915 0 190.376709
77.77777863 0 200
77.77777863 0 0
72.7612915 0 9.623288155
66.66666412 0 0
27.13699341 0 190.3326111
33.33333206 0 200
22.22222137 0 200
50 0 49.76398087
59.66729355 0 54.28474808
57.15884399 0 64.42230988
68.30371857 0 62.08375549
26.01011658 0 63.35845947
24.73797989 0 39.79457474
33.53863525 0 46.51863861
23.26608467 0 52.31447983
90.42845917 0 123.665596
90.13559723 0 76.22621918
9.585169792 0 123.710289
9.585169792 0 76.289711
23.26608467 0 147.6855164
33.54483414 0 153.6532135
24.7335434 0 160.232254
42.50791931 0 121.0610275
31.64033127 0 125.3271408
28.18213654 0 115.730278
37.24452591 0 110.1497574
74.57611847 0 87.83867645
36.27610016 0 90.97699738
28.08930588 0 97.67917633
27.26827812 0 85.41105652
74.2385025 0 159.760849
74.30827332 0 40.56151962
39.06126022 0 101.2685242
52.42626953 0 159.7162476
51.09038162 0 39.01919937
69.79055786 0 72.45665741
59.7552948 0 74.24053955
54.42939758 0 91.31336975
50.20297241 0 100.3023148
48.44249725 0 140.9760437
52.18767548 0 130.22435
60.4024086 0 139.1395569
47.37568283 0 111.0316086
9.554018021 0 190.3413239
11.11111069 0 200
90.44598389 0 9.658678055
88.8888855 0 0
90.44598389 0 190.3413239
88.8888855 0 200
9.554018021 0 9.658678055
11.11111069 0 0
48.40189743 0 60.89304733
39.61465073 0 131.0500946
27.3005352 0 135.9861603
37.47573471 0 140.1649475
25.60779953 0 179.9356232
16.87174225 0 182.3655853
35.16032028 0 184.3940277
29.0534668 0 170.4422455
39.81947327 0 174.6139984
73.55565643 0 179.6790619
64.12832642 0 184.7123413
83.12759399 0 182.3559875
16.87174225 0 17.63441086
25.60779953 0 20.06437683
35.16032028 0 15.60597801
39.81947327 0 25.38600349
29.06319427 0 29.56934357
73.55565643 0 20.32093811
64.12832642 0 15.28766251
83.12759399 0 17.64400673
38.56736755 0 82.6698761
49.50609207 0 80.64070129
7.871649265 0 88.23529053
16.65432739 0 84.70345306
8.133141518 0 111.7307892
16.9185257 0 116.2089005
78.30945587 0 76.04898834
83.311409 0 84.72373199
84.1877594 0 67.11969757
68.85805511 0 125.0768051
78.4339447 0 124.1242676
82.82215881 0 115.3842468
72.75650787 0 136.2272186
83.62154388 0 132.4183655
21.20345116 0 75.46308136
16.28408432 0 67.37304688
21.33305359 0 124.2028351
16.35371208 0 132.4750977
92.13771057 0 88.23529053
91.85835266 0 111.6916733
92.67656708 0 135.2941132
92.67656708 0 64.70587921
7.298018456 0 135.2941132
7.298018456 0 64.70587921
39.16044235 0 191.8326111
61.11111069 0 193.0678711
39.16044235 0 8.167394638
61.11111069 0 6.932126045
7.319878578 0 181.7765808
7.320239067 0 18.22394562
92.68051147 0 181.7734833
92.68051147 0 18.226511
67.46524048 0 148.2386932
76.70600891 0 147.6404419
7.592349052 0 158.7794037
16.16722107 0 162.6699219
7.593530655 0 41.22232056
16.1848774 0 37.35583115
92.40899658 0 158.7799377
83.87771606 0 162.7282562
91.90861511 0 41.3604126
83.87771606 0 37.27173996
57.8118782 0 177.1247864
48.95209885 0 178.9197235
58.11181641 0 22.78281403
48.95209885 0 21.08027267
78.73123169 0 28.86605453
78.71960449 0 171.1876678
20.28870964 0 170.8039551
20.29271126 0 29.20400047
18.09720612 0 93.64212036
19.65856934 0 105.9708099
82.48679352 0 94.32027435
81.48691559 0 105.3102417
77.20513153 0 61.28297424
76.66604614 0 52.13118744
17.74568558 0 192.5762787
17.74568558 0 7.423718929
82.24898529 0 7.421922684
82.24898529 0 192.5780792
58.17473221 0 148.6535797
49.18119049 0 150.4590454
34.89238358 0 163.7408447
43.47806168 0 164.510437
34.87240601 0 36.27225494
43.36326599 0 35.55960464
50.15636063 0 170.3864441
49.89040756 0 29.62596512
82.60932922 0 141.2200775
17.39160919 0 141.2613525
16.8284893 0 58.30432892
40.63955688 0 52.99690628
41.17937851 0 147.8938904
16.11636353 0 46.97658539
16.20633698 0 152.960083
83.1750412 0 153.2640228
83.11911774 0 45.91664124
62.63759613 0 131.0269623
58.98333359 0 124.4669037
68.11058807 0 50.20172119
42.25070572 0 43.35509872
42.90602493 0 183.7899628
42.90602493 0 16.21003151
44.71684647 0 92.18486023
32.05934906 0 55.5356369
30.18608284 0 106.3439026
43.16313171 0 156.3197937
51.46131134 0 70.22609711
63.50027847 0 118.812149
56.59430695 0 115.4672394
51.3288269 0 120.9050827
55.93645859 0 107.2963943
31.84482956 0 145.7643738
67.35546875 0 80.75576019
58.98655701 0 83.53952789
58.45183563 100 167.43573
67.69041443 100 171.1430969
63.37610245 100 158.7623749
58.44549561 100 32.57985687
63.34441757 100 41.31557083
67.69041443 100 28.85690689
8.681430817 100 100
91.34371185 100 100
33.4240303 100 61.51515961
34.6096344 100 48.17795181
24.27915573 100 51.90268707
8.098029137 100 147.1199036
11.51791668 100 54.30516052
91.91278076 100 147.1320343
91.91278076 100 52.8679657
51.4377327 100 10.81035614
55.55555725 100 0
44.44444275 100 0
55.55555725 100 200
51.4377327 100 189.1896362
44.44444275 100 200
10.17682648 100 171.4558105
10.17004299 100 28.57830238
28.24104309 100 98.79840851
39.59565735 100 99.7718277
36.1134758 100 90.74728394
31.32332039 100 111.6668777
68.34159088 100 73.9927597
62.80968857 100 61.36467743
57.51558304 100 70.93389893
90.30047607 100 170.9559174
90.30047607 100 29.04408646
25.63071442 100 40.18779755
22.22222137 100 0
27.13708878 100 9.668762207
33.33333206 100 0
77.77777863 100 200
72.76138306 100 190.3780823
66.66666412 100 200
66.66666412 100 0
72.76138306 100 9.621917725
77.77777863 100 0
33.33333206 100 200
27.13708878 100 190.3312378
22.22222137 100 200
73.83867645 100 63.05588913
9.571543694 100 123.665596
9.864405632 100 76.22621918
90.41483307 100 123.710289
90.31856537 100 76.24456787
33.55841064 100 153.6438446
23.29399109 100 147.6404419
24.74868393 100 160.2121277
71.81786346 100 115.730278
57.49208069 100 121.0610275
68.35966492 100 125.3271408
62.75547409 100 110.1497574
25.42388153 100 87.83867645
74.1267395 100 160.0728302
74.11782074 100 39.94120407
52.49461746 100 40.79892349
52.5253334 100 159.2836151
30.20944214 100 72.45665741
40.10065842 100 73.95045471
43.38178635 100 64.75933075
45.55096817 100 91.31909943
49.79702759 100 100.3023148
38.90641022 100 139.1990967
51.44734955 100 140.9895172
47.81232452 100 130.22435
52.56981277 100 110.8412018
60.55720139 100 99.9356842
9.554018021 100 190.3413239
11.11111069 100 200
90.44598389 100 190.3413239
88.8888855 100 200
90.44598389 100 9.658678055
88.8888855 100 0
9.554018021 100 9.658678055
11.11111069 100 0
51.93658447 100 60.89827347
60.376091 100 131.0741577
72.56887817 100 136.2786255
62.55155182 100 140.4138336
16.87240601 100 182.3559875
25.60779953 100 179.9356232
35.16032028 100 184.3940277
39.81947327 100 174.6139984
29.0550518 100 170.4399109
73.55686188 100 179.6896057
64.12832642 100 184.7123413
83.12825775 100 182.3655853
16.87240601 100 17.64400673
25.60779953 100 20.06437683
35.16032028 100 15.60597801
29.05177116 100 29.48100662
39.81947327 100 25.38600349
64.12832642 100 15.28766251
73.55686188 100 20.31039047
83.12825775 100 17.63441086
60.80996704 100 81.7154541
50.37611389 100 80.6750946
72.28472137 100 84.39578247
63.39491272 100 90.04862213
91.75765991 100 88.27823639
83.10197449 100 83.76152039
91.86685944 100 111.7307892
83.0814743 100 116.2089005
16.68859482 100 84.72373199
21.69054222 100 76.04898834
15.81224346 100 67.11969757
31.14194107 100 125.0768051
21.64361572 100 124.0840073
17.17783928 100 115.3842468
27.19158363 100 135.682785
16.37845802 100 132.4183655
78.66694641 100 75.79716492
83.71591949 100 67.37304688
78.66694641 100 124.2028351
83.64628601 100 132.4750977
7.862288952 100 88.23529053
8.141646385 100 111.6916733
42.66519547 100 55.05591583
50 100 49.76398087
67.349823 100 51.94206619
76.73391724 100 52.31447983
7.323432446 100 135.2941132
7.323432446 100 64.70587921
92.70198059 100 135.2941132
92.70198059 100 64.70587921
39.16044617 100 191.8324585
61.11111069 100 193.0678711
61.11111069 100 6.932126045
39.16044617 100 8.167538643
92.77494049 100 181.6737366
92.77494049 100 18.32625961
7.320650101 100 181.7718048
7.319293499 100 18.23502159
67.48940277 100 148.2494354
76.73391724 100 147.6855164
92.22379303 100 41.24287796
83.73902893 100 36.87034225
92.22379303 100 158.7571259
83.73902893 100 163.1296539
7.59481144 100 158.7743988
16.17922783 100 162.6455994
8.09766674 100 41.39775467
16.11274529 100 37.68872452
57.81177902 100 177.1262207
48.95204163 100 178.9199219
57.81124115 100 22.8751049
48.95204163 100 21.0800724
20.29374886 100 170.7851715
20.16359329 100 29.73303986
78.75696564 100 171.22612
78.75547791 100 28.77622414
81.90279388 100 93.64212036
81.65773773 100 106.3420715
76.25046539 100 99.96359253
17.51320648 100 94.32027435
18.5130806 100 105.3102417
22.79486847 100 61.28297424
17.74572372 100 192.5757141
17.74572372 100 7.424289703
82.24902344 100 7.421351433
82.24902344 100 192.5786438
58.64334106 100 148.3503876
50 100 150.2360229
58.24758911 100 51.55214691
34.89658737 100 163.7440643
43.47842026 100 164.5110321
34.85801315 100 36.21923828
43.47697067 100 35.48612595
50.17314529 100 170.315094
50.16664124 100 29.70101357
17.39067268 100 141.2200775
82.60839081 100 141.2613525
83.37876129 100 58.0945816
41.72298431 100 147.8892059
83.68434906 100 46.88857651
83.21816254 100 153.2955475
16.21756935 100 152.9354248
17.04115868 100 45.56486893
37.21378326 100 130.9299927
41.01666641 100 124.4669037
42.90600204 100 183.7900085
42.90600204 100 16.20998955
55.12598801 100 91.39450836
43.25704193 100 44.19629288
70.50863647 100 106.1252136
43.04212952 100 156.3831482
48.66214752 100 70.2434082
36.49972153 100 118.812149
43.40569305 100 115.4672394
48.6633873 100 120.8778839
70.75225067 100 93.73593903
43.75811386 100 107.4156876
32.62052536 100 80.70741272
40.9523468 100 83.47987366
32.51548386 100 145.1925201
70.83333588 29.16666603 0
58.33800507 37.504673 0
68.15336609 41.19087982 0
23.41567421 50.08013916 0
33.51977158 52.66268158 0
30.40656471 41.89034271 0
50 89.97059631 0
89.11595154 48.04151535 0
10.84821415 48.53741455 0
50 9.853946686 0
27.37030983 59.66556931 0
65.49312592 17.31843567 0
59.06357574 25.66874695 0
72.67136383 90.53507233 0
90.46691895 72.86053467 0
9.479985237 72.75324249 0
72.94776917 9.776457787 0
90.62007141 27.53481293 0
27.45573807 90.5333786 0
27.14618111 9.530610085 0
9.379674911 27.53492355 0
59.22419739 47.86450958 0
52.45164871 59.42064285 0
57.73570251 67.46987152 0
64.2526474 56.58068848 0
49.61970901 49.8347702 0
90.47898102 90.47898102 0
90.47898102 9.521016121 0
8.854487419 91.14551544 0
9.521016121 9.521016121 0
79.31080627 72.0942688 0
83.27991486 83.27991486 0
84.38518524 64.88247681 0
70.83333588 70.83333588 0
74.44416046 60.52062225 0
74.54857635 20.10526657 0
83.27991486 16.72008514 0
16.72008514 83.27991486 0
20.14797783 73.54786682 0
15.24312592 64.13145447 0
16.72008514 16.72008514 0
25.76094437 20.12580872 0
35.16453934 15.5975008 0
39.29558945 25.59314156 0
28.92490959 30.50901794 0
72.45531464 80.18874359 0
65.34203339 84.54773712 0
27.84898567 79.86248779 0
35.54769897 84.5358429 0
39.80848312 74.56535339 0
29.16666603 70.83333588 0
80.47252655 28.52293205 0
85.14273834 36.10122299 0
19.53283119 28.75270653 0
14.8555088 36.10199738 0
50 21.49470901 0
51.5579071 30.85955048 0
43.67754745 35.55351257 0
40.8999939 44.52096558 0
51.51591492 78.11539459 0
62.74695206 75.72483063 0
38.98214722 92.52844238 0
93.09160614 38.88888931 0
38.94007111 7.472885609 0
6.908397675 38.88888931 0
91.86022186 60.78403473 0
61.04937744 91.98942566 0
7.748788357 60.84666824 0
61.09593582 8.785149574 0
50.34017944 41.19740295 0
34.75247192 64.20648956 0
43.58179092 64.40519714 0
78.95317841 50.80887222 0
70.11508179 49.8973999 0
42.47089767 55.84179306 0
92.84516144 82.65721893 0
82.61938477 92.85879517 0
7.111358643 82.56840515 0
92.87579346 17.4218502 0
17.27272987 92.99176025 0
17.34412384 7.154342175 0
7.124155521 17.42187119 0
82.67466736 7.203511715 0
49.52326202 69.68484497 0
78.41052246 41.50953674 0
21.55586243 41.52441025 0
35.71961975 35.12374115 0
43.61983109 84.08752441 0
43.57458878 15.84965897 0
57.1305275 16.62419701 0
58.13085556 84.06959534 0
83.89065552 56.69464111 0
17.29953194 57.56790924 0
65.72402191 65.46910858 0
22.59667969 65.866745 0
58.33800507 37.504673 200
70.83333588 29.16666603 200
68.15336609 41.19087982 200
33.51977158 52.66268158 200
23.41567421 50.08013916 200
30.40656471 41.89034271 200
50 89.97059631 200
89.11595154 48.04151535 200
10.84821415 48.53741455 200
50 9.853946686 200
27.37030983 59.66556931 200
65.49312592 17.31843567 200
59.06357574 25.66874695 200
72.67136383 90.53507233 200
90.46691895 72.86053467 200
9.479985237 72.75324249 200
72.94776917 9.776457787 200
90.62007141 27.53481293 200
27.45573807 90.5333786 200
27.14618111 9.530610085 200
9.379674911 27.53492355 200
59.22419739 47.86450958 200
64.2526474 56.58068848 200
57.73570251 67.46987152 200
52.45164871 59.42064285 200
49.61970901 49.8347702 200
90.47898102 90.47898102 200
90.47898102 9.521016121 200
8.854487419 91.14551544 200
9.521016121 9.521016121 200
83.27991486 83.27991486 200
79.31080627 72.0942688 200
84.38518524 64.88247681 200
74.44416046 60.52062225 200
70.83333588 70.83333588 200
74.54857635 20.10526657 200
83.27991486 16.72008514 200
20.14797783 73.54786682 200
16.72008514 83.27991486 200
15.24312592 64.13145447 200
25.76094437 20.12580872 200
16.72008514 16.72008514 200
35.16453934 15.5975008 200
39.29558945 25.59314156 200
28.92490959 30.50901794 200
72.45531464 80.18874359 200
65.34203339 84.54773712 200
27.84898567 79.86248779 200
35.54769897 84.5358429 200
29.16666603 70.83333588 200
39.80848312 74.56535339 200
80.47252655 28.52293205 200
85.14273834 36.10122299 200
19.53283119 28.75270653 200
14.8555088 36.10199738 200
50 21.49470901 200
51.5579071 30.85955048 200
43.67754745 35.55351257 200
40.8999939 44.52096558 200
51.51591492 78.11539459 200
62.74695206 75.72483063 200
38.98214722 92.52844238 200
93.09160614 38.88888931 200
38.94007111 7.472885609 200
6.908397675 38.88888931 200
91.86022186 60.78403473 200
61.04937744 91.98942566 200
7.748788357 60.84666824 200
61.09593582 8.785149574 200
50.34017944 41.19740295 200
34.75247192 64.20648956 200
43.58179092 64.40519714 200
70.11508179 49.8973999 200
78.95317841 50.80887222 200
42.47089767 55.84179306 200
92.84516144 82.65721893 200
82.61938477 92.85879517 200
7.111358643 82.56840515 200
92.87579346 17.4218502 200
17.27272987 92.99176025 200
17.34412384 7.154342175 200
7.124155521 17.42187119 200
82.67466736 7.203511715 200
49.52326202 69.68484497 200
78.41052246 41.50953674 200
21.55586243 41.52441025 200
35.71961975 35.12374115 200
43.61983109 84.08752441 200
43.57458878 15.84965897 200
57.1305275 16.62419701 200
58.13085556 84.06959534 200
83.89065552 56.69464111 200
17.29953194 57.56790924 200
65.72402191 65.46910858 200
22.59667969 65.866745 200
71.36833736 69.33957929 152.7276775
65.77817264 28.0738436 75.17169645
9.940504849 65.48548801 165.3787525
82.8616688 25.49779168 19.84890189
32.57798416 71.10498424 182.868336
56.77646977 65.77441614 80.0562682
76.90965129 59.41118067 169.1849005
78.90149282 66.42868114 61.82860254
79.46784024 89.13356638 172.0030314
35.39788647 34.81038218 53.05697813
10.75011798 72.57742739 88.67671703
71.40987751 88.93600036 77.83739475
50.7039933 31.0499458 157.1557193
39.00646797 24.84237188 158.9323554
81.83322998 74.07945524 41.31369907
14.39033499 90.30803084 108.7125342
26.39395056 82.33804276 186.3798756
22.19977796 85.14904269 36.80759248
55.93287953 45.84215646 107.281253
35.79716225 63.28361813 30.27356533
53.50278642 14.97089939 25.00544448
14.02066457 68.84417667 19.43009525
39.66775724 37.7282017 153.0479592
89.20166353 13.28914933 131.8331847
86.7586407 31.36092555 160.1839948
24.30491695 27.2743118 41.12476759
55.59817959 54.77645823 93.26313403
8.949999253 49.05166794 147.4745993
17.4129775 40.0730563 24.03334795
65.90505236 8.455350617 9.884693562
69.01791237 38.6654526 166.2233686
84.40047104 70.91271696 81.34767804
75.75597966 73.02462981 140.97952
44.19878969 50.89889858 136.6315612
26.92267317 53.94795186 19.31325765
64.8189606 33.68304315 141.2910854
58.74906183 30.33846865 26.44534153
29.6270279 12.65210889 64.05006627
38.41294295 68.18966029 121.5607952
91.87446533 18.18679318 61.86916216
52.58034776 13.41192793 44.11968198
9.102591492 9.300678584 95.36824962
20.51905356 54.04839946 164.3588845
31.53954897 85.4873701 121.6385785
53.33794533 18.64220245 102.8608531
83.90008694 50.41014018 70.95882359
17.42807548 75.49865041 74.23755384
36.11579168 43.48481508 24.6466993
91.01518129 32.45665722 64.67800124
64.16943798 66.85897896 94.05030712
20.74866908 22.07915218 178.3690214
56.03830543 66.00288063 117.0909872
86.08724016 41.5053083 152.3291538
68.95990408 61.71924503 190.61214
65.79514385 78.87773253 102.3252769
42.73680262 53.29044127 100.4322676
66.88582786 29.05994984 41.48678796
81.87195333 29.47319869 189.7855239
28.30134501 73.99946456 21.02024416
41.05486099 29.06131721 43.11088711
18.6101638 27.5461972 106.3826336
10.21038342 87.52886978 83.5309191
79.75875702 74.00843956 170.0240108
64.83973145 78.08793582 127.3882777
31.44749712 42.79440669 84.44472313
48.73003354 9.763892014 58.15609133
89.60736037 65.24607251 177.8080228
11.98201992 19.91001925 29.40330438
87.00790002 10.27443898 119.3657412
16.60855011 92.72179171 122.4324289
23.38210732 72.37090662 125.9281276
37.71600442 47.02474661 188.0508074
20.29423138 51.95786093 96.61433418
47.55288907 81.87654443 142.1511351
37.42572013 66.31705114 71.08069702
73.49113782 55.76533653 77.89811889
70.81804269 47.73220044 182.6834704
82.03899097 9.17337683 141.2500058
10.42596886 52.87917954 110.3238468
10.52116568 8.678090275 51.14634271
84.33028 41.4078507 19.52456062
41.68060873 12.11339405 116.2232834
48.97040463 32.15753565 52.09616357
65.02253825 51.71827383 60.7646723
53.51980692 83.76970051 175.1201447
52.95106886 71.89061906 36.86402307
18.65116099 42.46925061 63.14989932
16.78144932 72.48157037 152.709197
78.71431563 52.63229898 156.7910493
67.35203686 37.95684985 9.607595342
10.51815181 91.54776631 154.4503077
9.609582762 19.32659429 190.0610138
66.12266881 52.80055365 163.6326053
50.99498326 46.4310865 49.01777819
16.45902324 33.94359925 164.2929037
9.714979997 27.23192009 137.9051514
44.6734014 13.16310392 174.6048854
77.96100738 62.63972157 88.95112093
58.68163064 71.78730764 142.3961631
43.928457 42.38970801 61.65134151
40.65256205 45.02927987 109.5049263
55.65215617 75.77827257 52.64796724
60.77943912 49.42279436 120.829991
15.83240328 20.80258746 10.40660879
14.63473923 65.86415049 60.62531433
70.0433903 30.65100142 154.0006849
35.48815712 78.38666943 95.51651726
82.7296466 18.59608672 72.66176583
86.22861584 66.26150978 20.28921077
14.32462628 20.70048837 46.9976087
68.35253761 57.25867522 21.2607022
46.06372039 61.77512136 166.7876499
42.79531637 26.20932484 185.1077712
35.63083187 28.57097614 99.79910587
84.3892354 78.1582127 158.9906555
17.59950613 64.11996272 82.3241978
57.71682351 6.480263405 161.4242987
76.1823174 76.58544035 73.79336111
91.18333552 62.74285452 121.0467573
86.25196992 37.17020043 174.1107912
53.4515635 28.494953 117.7227193
68.66250585 27.61588946 55.43287367
77.16847571 9.390448876 170.8870105
30.31296414 27.89007434 183.8921073
65.62681041 29.54261333 177.3530818
60.57784466 46.25985605 141.8090111
29.64138961 30.48623743 138.9391996
49.77841932 16.63051263 163.0023481
9.523936636 91.48306764 15.1563355
91.20103191 9.904684288 41.35566019
36.30498381 72.01837083 150.0651785
62.48377089 25.15939656 108.9707803
30.1425625 40.96651941 171.0199329
62.87115081 81.24469498 44.84424596
13.88702752 33.2706812 40.59382648
21.70629847 29.39875006 126.1306163
89.86633945 90.30465596 184.0776344
31.98146802 23.24511867 126.2196986
33.56348207 53.77698762 39.79000044
72.79679433 18.8331167 109.2345019
55.70934189 9.135367987 85.78574223
37.58064359 79.21341241 38.30658407
18.50127534 63.39313683 183.8473879
87.39266488 46.33923292 182.6797394
25.89044583 9.22425745 190.2252741
89.81963562 50.97560513 91.09844377
32.37359371 29.99176964 77.890785
17.86171819 61.29485687 9.454839475
44.09570725 31.72223649 88.69102269
70.49841668 78.14370004 180.2895558
15.0772611 66.42352655 99.40861198
36.61251799 89.7364231 99.41880405
10.52290324 67.74507377 137.6794021
23.38897949 71.56227889 35.20466713
16.59554254 6.538274764 72.71914334
59.42713501 85.49358025 135.52374
60.96746555 58.75112008 150.2482169
78.8434151 10.53593043 20.27497647
7.846669449 47.07482984 166.3829334
61.11076052 86.8436822 56.2137568
48.60229312 19.34450187 74.92575189
90.90428296 72.62828569 135.6895775
68.8312798 45.91286859 94.95361392
28.27751009 62.01591295 91.08373932
9.576691691 69.05701635 111.5237596
40.23373452 10.89047496 82.2183323
63.68949482 9.449462728 113.8775702
53.14737397 29.38530326 9.032405276
38.97833747 25.28840617 9.132017247
20.09728515 13.38348006 138.4506988
89.548178 92.24649104 36.39676423
90.57198163 38.80404922 127.6429359
8.001384643 55.26001816 130.052117
69.89030036 88.52952132 7.534109783
59.44738068 49.26265894 79.18429737
73.75266666 25.90727085 31.90935038
32.55586433 44.82233923 8.199570109
8.12321298 29.55019959 124.307232
90.24109055 81.61331392 107.1509946
9.557236576 58.8282583 73.36819114
19.22046082 52.93784688 80.5301847
73.6386515 90.64462334 41.39952421
76.30834013 89.95436915 126.8002916
63.2738339 79.02383682 189.5999391
19.28518892 33.38071643 9.287304464
12.35767991 83.06961797 163.5530981
27.05978544 45.37825924 71.41855963
31.53288991 57.50197254 179.9227252
32.05404959 71.8504123 48.01865466
53.07227234 60.9879961 11.78298923
7.453310251 12.7264971 119.2798092
69.20413844 57.72253548 137.1571336
29.74015313 56.53516545 192.3204313
40.68300318 57.74379671 116.5341227
89.74944557 38.68648551 106.1381693
36.581049 29.72151918 112.1274898
43.7971261 78.5944664 82.49289768
20.50571158 40.29547304 79.95186165
29.22674491 14.85892397 110.5574685
73.48116064 18.4185589 124.7825369
68.1006604 69.01616877 171.2036555
51.54944362 38.09706136 37.24204426
37.81028555 48.11519177 76.41391999
44.57735406 29.77000599 168.1071541
58.60037925 92.64258481 90.25700796
80.42634938 55.94219735 114.2866172
79.73815488 43.56194464 31.49769076
58.49956574 74.46635641 165.8166826
33.68553263 11.93598734 37.47832314
48.85531513 90.09248053 37.34170416
64.67770261 40.58091762 126.9264172
47.98925197 46.65944071 121.8531049
40.90976819 26.4424114 25.30815268
22.20060351 12.91606868 94.34094621
22.1726216 48.57603627 48.93421552
20.38081224 47.21061796 125.9469892
46.4656627 91.9567569 19.32692141
9.68125823 60.69277617 34.55557214
51.04416741 58.0433994 39.43968159
88.52032778 91.12624978 59.45986905
76.09357119 11.60995158 57.3111249
14.81047698 32.78809718 189.8321798
38.41827111 13.12197338 189.0294627
92.97643073 32.17771246 23.00058479
20.0403692 12.31236864 158.9532983
31.50320182 27.46035285 19.35122919
52.16095402 61.08590907 26.50577949
50.34074532 61.31011242 155.3801512
45.26391058 8.770085966 11.53744176
57.4578568 44.66470136 166.0129592
10.51431916 10.68358331 163.6223217
35.84919697 86.53766247 19.30565265
74.65532215 73.4179374 97.82045351
68.67661935 65.15152914 56.1071275
15.43599141 10.93335159 36.65547071
45.3617815 35.04374713 123.7574697
80.16133813 34.60474465 124.3806521
87.36516013 12.4014057 190.9294331
72.17277252 89.34976043 159.3453052
31.26379725 60.47133237 158.3768683
84.2696095 53.6929433 46.25576891
18.1633317 85.40748734 143.209992
38.5035252 19.66841511 67.36784268
73.47764021 90.38448196 55.4105765
58.13946598 84.96389298 110.8465609
81.06707547 52.17505404 16.93913298
18.365616 9.756267773 181.2960843
63.10707427 6.219053016 178.0668603
15.54448558 52.02509647 21.97825115
14.36108665 62.76841295 44.64219569
11.64257741 77.42231359 125.3136035
27.33769204 51.38909034 116.5456317
18.52250982 82.46154495 64.78341211
49.64276244 85.38410593 10.69815397
55.0242857 11.49192897 138.2853606
9.897715348 77.83042661 28.47429175
68.8601565 70.20568935 31.0916923
92.00382714 23.90287519 190.4768138
8.226370613 87.69028152 95.32793065
90.18528519 52.86663029 128.5750724
39.20370305 16.00869569 94.41979797
18.43500466 42.21905342 175.9341858
38.17443975 88.31716826 134.8766734
85.07304684 10.7839488 7.137260807
60.58033751 14.06296355 169.4631053
26.69510743 56.76494229 128.1691121
50.10339618 50.78287779 161.3850153
60.77213335 7.76224155 129.0528757
50.12866058 54.52157725 70.85716163
77.14419123 72.50334703 9.052035835
42.28394868 82.42161232 65.69335562
37.07131892 49.60162965 167.9665601
75.93711018 63.1004049 128.5667712
26.4788558 9.275501594 17.79127461
85.74183456 12.85618083 53.16358964
33.7728186 59.13458848 62.05617299
17.45907626 39.83548736 133.9365709
65.82926823 15.88699241 46.4737847
16.55818213 77.07470271 115.3512642
20.793279 19.89486476 81.39795077
9.814062448 54.48166555 192.3979549
37.29179477 43.10457607 95.98799476
91.99379671 34.92303685 43.06867331
66.91213522 18.7099086 159.0228304
8.706116847 41.56108657 57.471194
31.5799178 14.07947372 166.0999642
44.06684335 28.0348655 146.8510592
91.8289774 11.25783065 24.12836584
48.94399526 88.18982413 96.94616102
30.68220221 82.14650548 104.8625245
43.49141919 83.37084451 25.53210854
50.8151528 37.11421327 135.0319924
52.60641367 64.25139717 134.8696034
67.1049311 68.17627729 109.3072672
81.66401529 31.44960645 143.0156942
28.73675323 51.72372186 153.5408171
76.09212992 92.10559629 105.7406813
80.71637232 45.45711314 136.0586474
66.49089283 25.59550257 14.64070878
29.54596627 67.1062575 101.375452
28.08651766 89.52095622 58.36138263
65.61304847 36.67878334 103.639151
30.99736317 32.85655795 29.74935752
55.3751052 35.85490467 174.8067929
36.10371771 93.95349858 29.52800703
64.04786133 90.86979887 181.9662646
17.34031682 52.4202776 38.42063726
54.1033883 63.81227466 47.69063386
53.35664771 29.89356653 103.8026527
40.60511212 68.20271127 18.21540083
65.15077994 75.54690511 16.58749616
31.89430663 87.19607361 82.62913866
45.80710313 52.39706238 9.478891344
30.4530116 8.403632648 125.2925801
15.42840672 92.73641938 31.02181468
57.4689346 45.24102236 153.7863711
89.95693976 83.05167594 44.52758271
36.02180174 72.29467153 6.488222698
88.9579297 14.21093193 163.6865758
27.44381008 88.86341404 69.34559692
45.20757358 42.69797345 173.0750161
66.90296252 82.19487723 90.66082282
65.29898855 12.03208829 21.2408765
54.04359044 86.347143 186.9420797
73.28617038 45.6962402 54.58877636
9.101781618 15.11539091 174.4271463
75.8095819 16.43640655 98.14117709
68.14042515 48.56728981 36.95638735
42.22630414 89.78326761 191.4760465
74.8420236 88.4166501 66.90210108
57.38077598 55.08082103 173.8809547
40.79229215 12.83680292 129.0467701
22.82349535 35.33764144 146.6498938
89.69167069 31.0389078 90.78003181
46.83705362 65.22012648 100.7773182
91.50478016 27.99940543 52.12152042
38.13597575 32.07798195 66.83490676
60.37460111 32.32145861 63.54032621
59.59215587 17.85612011 77.50104776
37.07723297 87.08405251 8.671003055
88.5661625 90.09592336 116.4134026
22.1060874 83.42873266 174.9734738
18.82831153 45.03147955 108.0330552
89.05815184 25.24952836 171.7357811
7.41111778 41.85839479 35.48058622
8.511171485 57.82821468 155.8006544
83.17996655 30.57152103 109.0628988
48.66171715 44.82843395 88.97473723
40.90846889 33.67758087 17.25598977
16.18254654 43.65251598 187.1221416
42.54432718 55.02952945 174.2964079
91.11408748 54.47318235 154.5958426
65.91605189 19.65203409 28.79143927
32.66715674 40.80609341 124.3756491
36.57603715 89.60882563 147.0262071
17.07045468 81.25264074 99.62716093
78.7917102 39.95114162 103.962438
89.32627005 40.81146329 87.04017038
60.99094384 91.8945743 14.88765372
37.4137175 61.4031765 46.58514851
52.97259714 55.36600719 184.2749078
56.9904563 15.99770779 191.1123573
9.882052572 91.14997423 70.33343076
90.81462417 85.73681775 11.5259802
10.39591642 28.27119804 86.8252591
19.32314012 7.394203099 129.278056
16.59411589 50.09109451 136.9991238
20.47848102 73.69148991 181.5583483
89.53727964 71.52071617 31.33869233
86.90760914 77.05013946 61.04198616
77.78434676 21.39132432 42.0075801
59.43749922 67.04361076 157.3359196
6.732388283 50.47522891 89.45261738
54.64628722 5.681719217 195.1253991
88.59944266 31.72019384 7.683945454
9.156224316 11.55354853 9.376135958
37.34323825 23.46586733 52.79551315
80.41381158 37.90006501 89.05096568
6.555506894 89.45928023 142.7701501
30.29572919 45.13277467 61.47995323
23.0734616 41.33829683 94.96894264
60.12896468 48.05469347 9.971599127
62.23735092 17.86946632 180.9464096
28.17733989 25.05128478 9.741510429
10.23726355 16.64903032 151.0818068
58.38910682 44.35448083 24.95142255
19.87493482 89.00412776 11.27960934
92.84572887 27.07440164 141.3738392
57.17414597 45.57694215 184.4177319
8.687235909 41.94760165 106.1669425
28.07273093 68.08197713 172.8415067
43.87397946 27.12604016 137.2012169
92.63945067 88.3027209 150.7506841
23.04004026 45.08315346 12.8848602
28.00399197 27.90150594 153.9156365
45.13881342 91.31428392 177.029803
10.36558496 48.48412832 12.34744076
46.35957736 11.5610439 145.0052326
32.18645614 85.86456535 46.28494928
41.59734259 91.83369846 72.63157067
93.13006037 82.88965251 128.4028889
86.93904379 10.53196183 97.43261075
67.94238238 11.16058655 70.35987508
48.49126653 94.1038898 55.27306707
40.85148559 55.84834291 19.84093606
5.166442453 73.4609806 171.7655549
8.940516498 11.99664105 136.7363561
31.53308571 11.97229468 49.72620016
16.426809 31.9928618 56.0179683
83.25271962 58.3875205 138.7310179
8.284265254 39.25348837 96.53826498
80.58668899 20.808863 7.145583519
9.252680164 68.49355427 191.2276206
61.2622529 91.18827363 167.1963059
22.57907624 62.71607559 142.891694
49.1865601 68.18216069 89.43992766
80.83505541 49.37390963 85.0988093
38.34589176 5.838979756 180.8774422
33.04127116 40.31137588 37.32690121
77.1645509 78.6207678 120.5080517
64.19303497 40.22438977 73.84973463
56.66438388 89.84910317 153.9673158
81.03358589 84.8172621 14.96144117
6.167217562 75.72876634 155.230037
33.20097831 16.75238612 141.7992116
89.93832876 78.52109813 189.1870096
56.17552653 37.45936003 91.81648669
57.68743114 90.24002583 44.26465951
76.60668443 73.26246202 53.19948893
22.84460129 4.215816264 153.9141175
8.070688362 86.04621093 192.761261
8.862402947 79.87265809 9.620082517
21.76501706 16.84316256 21.85422507
92.09655453 58.24854867 65.26145558
89.14834179 45.54894612 38.82231831
49.61675315 71.21892613 10.12258003
23.3847605 7.096032663 115.0227633
83.15557827 55.82615362 34.434667
70.58098848 92.7958105 114.2086363
10.00964087 78.5262962 184.5105189
53.41890711 43.19363144 15.38437298
92.18220772 47.67657425 113.7459634
92.96517495 48.49069983 172.3561474
8.895636233 14.34208104 75.02546179
24.46632461 15.32237948 38.82197454
48.22132132 5.359229334 124.9665363
45.2612011 70.53206063 113.3660449
68.66761457 85.48390179 145.5788743
47.39227687 70.55318817 26.96457178
14.78927318 78.76087877 135.4129781
42.22650654 69.7232579 191.5590788
22.02462754 22.88868484 193.0271747
25.32942866 5.162732566 103.2361118
20.58943773 57.75214557 106.7310876
35.24173388 80.58467938 164.0462323
72.02905353 42.18241222 83.19065567
76.36946939 67.75318397 180.7808094
91.93679421 39.07427792 191.5301125
46.32983923 78.5987642 97.99038598
79.44950784 16.47826996 161.464895
9.060544023 61.40618135 120.5597274
21.78756851 71.97494694 10.24865506
93.38544723 45.48079417 138.1177742
74.52508788 4.711899198 130.819106
67.90016962 54.20586174 8.987315567
21.04039745 74.0354438 104.104859
25.53545533 82.15628975 94.67220171
72.20098309 50.70019145 146.9878132
69.38609244 15.09913739 37.46812577
59.19608899 34.95759929 16.1081404
31.44070664 15.37264576 156.418814
8.282757283 38.92781458 15.01076644
49.87124836 24.07177171 18.58388542
63.19966693 52.22527375 45.32680442
70.06441048 27.16473849 94.91449685
6.958435696 93.08173753 176.5011689
10.52156896 56.14959158 173.1358311
65.50704048 15.38161589 60.09042936
65.24884734 56.15674667 127.4418574
83.76254348 33.45622909 73.5965519
95.07036003 68.17420057 105.2014372
28.57758363 8.371562755 147.6675653
6.956594604 89.70897102 25.40344383
87.23080073 9.403767472 176.281072
87.21704164 93.64285259 157.9902235
88.41399143 42.84297463 48.78815489
48.40212215 90.91840808 159.3704652
64.53072416 53.36356664 103.1380285
55.27758074 41.53655525 5.439157323
62.87901891 65.4392715 132.9875413
37.10767171 74.4286256 140.0933212
90.63571562 43.35564994 9.401174136
67.79178681 23.70182383 189.9710726
93.52166992 54.76466653 181.1658131
60.08708158 11.55931139 36.21271976
71.36991677 77.24660399 162.6177082
78.01984204 66.01076137 27.94566292
12.83265272 31.12948108 77.58489973
30.42795142 53.25265653 136.5486083
33.13393838 93.94025079 192.9027564
54.03649415 72.38248279 175.493312
67.519239 32.8703955 114.8075809
82.66855208 54.39109233 102.4567277
23.68518182 28.41507386 88.36550821
48.06087479 43.18222582 188.7207693
67.35307417 58.7803091 177.1843574
23.41043424 61.90123803 50.58690879
47.46031783 22.23920145 123.1678791
40.55545282 55.2794911 146.6663545
22.57931151 63.02301107 153.3637072
90.80100032 25.46003739 105.7395275
8.596912472 41.76442548 128.9416181
84.87965918 70.01754077 110.8301377
8.931451191 85.09086668 45.71852672
66.42870856 82.30319267 117.2424871
9.958051199 40.65290993 119.1134085
16.0496595 62.85090079 130.2047548
92.21604335 19.00301804 83.0583393
62.3703236 93.11911015 28.51467232
5.315594264 91.8971847 58.04992024
76.00114907 90.21868208 141.5483533
25.4613477 68.41153379 192.9791784
48.28019901 20.04821771 141.8101272
16.42829989 85.12868216 54.76195593
91.97572057 50.09103273 17.07043167
49.52915128 19.91731573 35.88719872
60.67943439 86.7219505 66.40412607
91.79332703 89.4434263 25.09267456
19.0163335 88.92402448 22.46118158
75.09599379 27.53043713 103.6802739
46.32919184 78.42425059 107.4262849
8.898878004 29.99532202 62.99811403
83.41906654 60.6175785 187.5110658
84.21644813 5.792876384 62.70542779
92.03720218 80.52211224 172.1999263
67.79874757 28.0821625 129.9605131
29.78458015 16.4771901 85.33914889
72.13560174 19.89763719 151.0177066
36.27670793 67.9100463 57.0083467
31.76265377 39.83289042 142.5499746
77.15833381 34.56226813 134.4894796
53.42796852 7.428386509 170.5613848
12.92418709 6.010935851 17.82382747
52.38433514 61.19767432 60.09202187
46.42300604 7.568886853 155.0317267
33.2072636 76.46887452 113.7908895
23.71694133 80.71525714 162.9879599
7.445440738 53.23597018 49.97691588
69.40456816 11.23830569 189.8827742
91.10453175 93.79901922 166.5227906
84.25339935 68.23952542 101.3020099
39.10164877 79.35385002 128.0290986
89.14840142 36.76020874 31.6328114
51.84676054 90.87584728 80.32334024
83.02627827 38.58607089 57.81369473
68.04746663 80.84704304 153.615145
10.74566584 29.20772723 114.8161434
11.73098432 22.86815769 95.64546564
46.77521737 6.931040939 21.81256152
15.07908497 14.69815785 110.4037793
65.57975195 58.78349012 70.60276417
25.65061162 36.44609764 159.0071412
92.57444902 70.86198267 159.4087067
56.10416481 38.71833537 117.7760924
55.05585126 74.90798624 22.30728452
70.40222655 13.22353236 84.39265652
57.90413936 32.50067203 165.5787503
24.56339151 61.63042978 70.34442297
16.85415901 55.43775911 64.51057898
94.3781656 11.02240394 105.2104998
70.168648 78.89554093 60.50692794
12.99650203 7.941150947 85.49789595
20.7948305 28.51196895 71.68158298
34.02389145 62.85126993 134.0046082
8.915161185 70.78779389 8.993569602
19.71183121 42.18853936 117.5535375
82.80024274 83.94448372 78.26064806
84.15794167 19.24952877 154.3441899
6.576427934 17.91528592 129.5772374
39.98975504 6.912477793 92.08978587
43.02498627 93.89836793 120.5744035
79.85006135 83.69742348 134.7790979
33.45849478 78.73698761 76.42526692
44.46631988 54.08930799 88.68473225
29.68862668 33.40674785 192.6674324
76.29306849 62.21521528 145.9012487
88.27989072 63.03933353 162.0924658
26.49477488 13.83542395 8.880810438
70.40401422 23.49616595 84.02718365
77.83353963 5.398880303 69.97975015
25.04510125 94.63790449 114.2179622
82.75649358 45.07674087 121.2947854
7.146736162 74.53384403 67.29241946
68.40526483 44.96175706 17.5257097
29.79645888 15.52888133 133.3449155
13.76011213 5.913244217 142.8845564
81.05685313 86.14746304 86.75829169
34.18480088 80.62475153 173.3171271
18.85931727 25.79920904 62.84842494
89.0398804 10.49485153 71.29053574
55.806033 38.3352381 146.1482571
52.8985534 8.759944647 68.27604679
62.19019145 66.59375556 18.78366514
73.43194677 19.23144506 177.0771511
47.56887512 76.21467773 59.17050234
40.7035164 73.176398 165.9382746
12.02220914 33.05190161 154.6572149
9.089466994 10.72736582 24.49621132
80.0785148 7.86539846 109.9528911
76.14226635 58.12773914 180.8046724
21.44334662 22.84101203 157.4522847
79.71878626 16.55098053 186.0096198
14.26570339 25.35240495 148.0080899
34.05284354 91.92627741 178.926413
87.12760748 63.40227587 53.74453235
69.86701662 64.34634378 40.5355629
43.74254254 41.75461124 6.784389969
50.76081587 6.566202416 34.07104189
84.95096891 45.14083316 166.0386983
55.35443993 96.09316021 127.1268012
56.70967083 22.0537623 139.0409359
87.12919934 86.26357712 94.96155297
53.04161039 77.92415217 72.69677715
61.69995927 66.83459451 41.31559208
69.53258105 89.22693144 99.46617156
90.27806546 21.28923188 33.6121925
9.695647168 24.94331653 167.4024599
51.80426595 27.45728305 39.69517602
54.07603099 71.67277788 192.3536329
46.04807687 55.35716025 53.3098541
94.42061099 5.79013879 80.4719037
45.34160715 78.13291072 159.7137021
48.62134551 11.30520979 186.2274887
16.70605716 31.90732239 30.81389102
50.1683469 66.18150812 70.93047856
45.65332039 27.84184801 62.70499876
83.09557774 86.70250361 28.21907978
49.37352695 83.87837166 88.42429837
53.33384797 31.60927549 79.46787775
8.260031458 76.59079526 145.4718406
16.0789552 11.07900973 193.8177072
31.44765648 55.30235674 81.11175642
69.53533353 56.33578257 87.96539765
65.18117301 39.53725638 186.7280514
8.647762455 45.97649931 69.05974645
58.54413599 24.76407409 57.26873785
67.72621186 67.05096563 124.8419101
95.71994565 67.82066809 42.95617714
93.38567468 55.39633325 143.66302
63.17306214 42.47560723 45.94087796
63.83254274 6.545096947 99.78940254
55.59741872 66.73947846 106.1216757
6.75771824 87.48518136 120.490631
51.941896 21.07380406 64.61055777
29.72774756 78.35694519 65.12245159
66.09379763 44.19340365 111.5962243
81.93934217 86.34772569 188.9654008
88.47829806 56.28568212 9.037923014
6.217478044 61.77141873 181.6997467
36.16781205 5.188915745 105.6314025
7.736990816 4.847440934 106.3882898
70.50818719 88.80659329 29.79954212
87.45035181 69.45656522 192.885269
58.86201322 85.80868487 24.37393569
7.753958034 58.54627162 18.34325846
31.73761173 92.71116169 39.189699
5.252909909 35.44549192 178.7340925
68.3773542 20.04719133 168.1660283
39.98708381 46.26243729 15.00274513
53.28850433 28.67224933 127.8717061
80.52676622 30.2841528 65.17215336
39.51009599 91.22651922 87.36219227
14.95081982 52.92389067 55.78392145
83.50070822 28.36273023 41.83401334
71.901333 70.66530777 117.4263104
66.99295128 6.81232631 48.09787958
53.6475735 91.00883491 105.2420567
93.73900228 46.06851101 58.94048587
58.88291526 17.66528368 89.38164115
77.31494626 55.98480938 193.4359504
20.26529574 91.09269542 95.27825097
63.75787519 77.17073928 66.96680443
32.04296295 72.43714039 83.94810649
25.68475419 88.98682435 148.9453911
80.95566502 83.55291962 108.977314
58.38880189 53.66530055 24.02995902
74.36620408 36.33368213 34.65190383
66.02133801 70.04425972 7.830663654
9.343686565 71.13683424 51.20024698
75.80954969 7.202790762 101.3070038
28.99581424 56.66728894 101.5562967
76.42566225 12.24023494 44.12080759
83.18302365 11.82616049 84.83549882
17.21261577 42.37830908 41.95687327
21.66208591 29.78192097 17.83939395
28.98688988 13.79468102 27.50926017
90.57227076 28.81725962 130.3378737
67.9135482 16.5957113 136.8260225
42.32408939 34.71268769 31.4518768
8.75391738 28.06166039 20.48626734
62.03321309 59.70103191 30.25560897
42.54409679 58.6241325 186.1401999
94.21383116 79.75754875 24.56769369
39.74928601 65.66916052 83.9704376
92.42105331 68.00653111 91.74605987
24.6710533 47.66636739 32.43403684
79.70567864 62.04319994 72.88669918
81.27525383 81.90962945 100.3814934
73.84823303 29.32268383 9.502519657
41.51858929 36.37236896 182.0676447
81.79909803 75.33299972 20.24517013
13.63476625 90.36506701 186.153929
17.7228256 45.77128082 153.2376424
78.97396103 35.61663262 12.9256626
91.16651692 87.16661095 79.60316114
51.66386777 88.68255364 27.86822527
47.55256849 74.64465958 151.0363528
76.60606853 39.13094784 64.44037579
54.1965487 16.99188079 150.8615004
59.40404991 86.42626227 76.42952743
54.98514695 5.524604317 111.2173312
20.57901125 73.64680529 141.3226177
34.7237733 7.35683876 134.8260758
36.30438195 63.82025842 143.5624857
52.14048983 91.11052724 146.0809628
32.27042444 93.65328288 169.3235492
94.76921973 44.03668579 28.61191926
28.77669787 92.49585949 90.82455585
91.71855435 66.95885347 9.475687029
66.87913422 71.05332376 84.07689866
7.61928367 47.74445795 181.2214124
75.88074987 5.762933568 151.5100142
49.41601902 41.6544887 69.97211464
27.73774783 45.81387846 131.7859993
65.16553613 10.3877573 154.4044756
40.27303877 14.03808984 162.8412763
95.42313484 61.29435359 49.0917663
5.978346725 67.76132484 41.81428866
53.3569696 26.29846065 92.13671746
16.21578771 93.25719087 173.6325987
18.47793261 15.46662981 63.30358482
29.04585451 42.20382107 114.6120673
65.67587858 80.28145251 170.5224952
28.99007787 44.56917897 161.0894002
39.96345675 92.34361084 48.95125352
93.50807534 77.42058358 78.54272855
73.24043779 57.69031708 59.66311554
71.83789162 92.31231768 89.28894558
7.32858589 7.631616272 185.0478941
26.37964821 94.55813621 25.30510686
8.95759296 28.97663051 49.66592303
84.55003237 13.52511259 32.65054075
6.046756375 13.70091239 42.80416045
32.5809885 50.89865507 95.08311098
23.41014239 70.64986939 56.70755414
80.41398916 25.61112577 90.53172828
93.50684149 68.86569773 69.40172122
71.32371352 73.05459555 41.25382096
42.87716241 20.54698223 106.6246833
92.84660964 36.23945603 141.7169839
42.71399945 53.49511271 32.44570092
29.20586841 41.39285325 188.3837031
9.485270261 39.12256503 143.0319298
32.59413293 82.32414441 140.6837773
21.29503214 39.03066857 34.40809494
93.08318598 52.10594928 78.51524305
44.64016294 89.70544077 151.0645647
7.688695152 84.76673311 62.8071623
66.57106242 45.63699704 194.4249565
47.83791314 84.7561664 47.63339586
56.005975 82.98432861 122.9495808
32.04445743 25.91731783 61.24687574
95.44496614 65.535929 23.77906
32.9791425 83.39079619 30.75741195
6.398115043 46.2613082 137.5933815
62.28189407 67.18800984 184.6195355
52.09584227 76.46600097 91.53541143
40.60850532 10.89080539 45.00675421
16.05250316 76.26490573 4.665727437
50.10133434 56.00169935 145.1224114
88.14036636 92.48392606 137.0862911
93.62196139 62.1059227 149.2299887
57.35029083 61.64941622 190.3100546
51.32451838 47.8859652 36.5661753
35.80872474 49.30840082 51.72188593
15.96922677 76.27837634 52.80443723
54.59532572 66.3258667 169.4846488
49.00259985 8.206472657 76.21492733
93.5364679 21.04388959 148.2669583
20.93509239 87.41894688 131.223646
45.08390921 42.55225012 162.4443387
66.12237954 68.73412667 66.90370845
73.66337664 41.0686681 114.8985789
39.22786885 41.53797232 44.62850715
93.74453156 57.76849975 26.97431673
66.63146308 94.04706749 152.3662986
20.37032959 37.99490949 50.96715744
23.26400854 21.62716383 29.66319032
87.59629311 81.68764372 119.6551043
23.74387203 87.20631587 157.2162058
76.25725404 74.84404499 88.68474414
50.38880187 53.66076707 17.74256971
41.91935942 87.24753125 114.6909323
77.81928919 4.726598212 189.8854503
77.2767986 46.46680717 171.2437106
23.94194935 92.99796302 184.1553746
93.04639947 65.2347811 77.32706263
90.21935985 84.35135187 68.28050505
89.21075607 12.84619511 150.1625438
92.93648629 20.70275488 15.66131589
80.02258906 23.88363215 170.702681
26.36350654 55.19848802 29.72389726
20.03562904 90.58487155 77.49425385
24.55299289 11.87225546 77.058899
76.87032475 71.9198504 126.3357484
8.744221406 21.34600896 80.99409518
73.48265643 24.22251652 137.7820298
6.627089142 7.437149718 154.0759303
89.00941712 75.34037507 10.7795272
4.854067468 38.45977084 159.4592799
6.154286857 42.41647195 187.9047874
27.52145472 80.47129631 11.00503902
72.91334442 61.35060098 108.1003844
53.80454801 6.176531099 146.9027004
40.58135227 54.46042308 68.94419137
81.0582839 92.95174404 21.31345013
64.21056453 39.01234757 37.52228175
80.22361787 55.94921324 8.611790541
55.02448078 18.17243897 128.741876
18.89796083 7.814996984 10.60793033
6.849711657 47.73465292 23.32535407
49.25463631 26.53917073 176.280162
34.91686624 92.51274865 66.14654247
19.11183609 7.094196675 28.86078301
46.7131844 72.14124488 136.0558528
9.382087592 60.02017828 94.46903858
91.71581223 41.14136501 160.92228
15.58712287 67.42755977 120.1048197
89.81545395 52.5771369 192.2280759
56.17341119 18.00991496 116.2192274
26.59178811 88.85552998 164.8031048
52.30780762 23.48593084 186.994257
42.09065474 61.63399243 129.5880493
51.55366588 49.54221896 63.45343719
48.322192 35.68498619 25.02015902
44.09951342 21.13311515 195.3889577
41.97292338 67.77157596 173.2953438
45.90609566 70.37428065 48.57952111
15.50552127 3.450102463 174.8797493
73.7270644 30.62919513 22.71270591
80.41297945 26.23630636 81.22940069
86.19779625 69.47283655 147.3736104
53.20948701 13.70759207 4.770379851
69.68540454 51.93128205 114.6192458
13.06432534 77.41434019 40.37768349
21.25180881 89.98716592 191.9970221
9.904291457 43.34642147 195.0307144
37.76129988 63.50706432 95.70873165
9.559662327 92.50547319 165.460887
20.90826051 75.88197648 43.53287039
38.86982674 81.41313979 191.7760423
62.96890209 22.1788665 4.267826335
38.65722118 65.51774188 108.7547711
34.90980424 93.85104793 108.06677
17.13182978 90.59329288 45.14544116
52.3077762 33.96161981 186.7240326
21.06044913 72.75766282 167.4159555
37.0197604 5.790810879 58.40979243
9.632107879 74.28396622 100.5526386
85.24084333 59.11962648 78.12371601
67.80527134 16.36579336 92.09801138
34.88645313 18.65349974 180.7051782
86.00156239 5.751333141 29.74567722
31.42935209 22.68271043 27.29030873
47.27778039 77.7619791 118.6310167
30.85081113 76.08096893 132.0423512
65.38127029 71.22828682 50.00552967
8.881452907 50.09080059 40.12031794
33.25712168 14.12268645 74.47713667
77.11227115 49.22057152 40.58999793
59.41735248 33.00656426 53.9247517
32.97863383 69.56770675 38.07350583
33.62807021 76.3512755 195.4363395
8.136551588 48.22458452 100.1373651
48.40052352 76.49673244 188.3032897
7.060422383 63.24112767 52.9466822
59.63548326 15.08115343 68.67908516
83.17954116 40.18236166 112.5283846
83.99025649 92.72671976 77.53932325
55.80624107 29.64794829 144.089077
52.42591017 90.72142007 62.20972949
61.82708436 80.68269311 6.948513963
52.54927307 39.53712066 57.70805553
60.6297812 27.15336664 124.74647
70.74791564 93.3919801 190.2233596
87.59473583 16.51002234 108.9751962
48.90763122 21.05535221 84.85590495
17.84719778 59.52593304 26.79500171
58.08119666 22.65977626 16.32833083
40.56664976 64.59787186 157.3012627
10.3812895 89.92571654 134.3449403
28.60061641 33.83865043 7.947371868
84.4007642 69.21956888 71.09428773
94.77998448 79.32271078 36.82146589
9.08830619 22.01877558 59.88011616
9.2949068 23.52202652 38.60627803
30.61227446 9.054213668 96.3260645
7.061536907 25.34828677 70.95386518
36.84171201 80.01254479 53.79085082
77.53341079 45.33152362 11.79405028
8.056101398 57.12572179 6.348365288
3.761087212 35.12522144 169.2121173
40.19047887 85.02227294 158.5774195
3.657243539 57.40547092 62.00046774
66.75189171 13.9035246 102.9386371
50.47322481 30.79558354 71.25686018
84.54700698 91.79473411 50.55058945
93.08226638 41.28162114 77.85484842
92.58581794 7.092685541 89.56380005
15.78000694 40.56121314 100.7521314
60.73635228 40.44381715 85.17060879
6.332204589 30.08038959 95.03957334
16.94427227 49.98629278 71.18978424
26.19560379 29.35326761 166.4019845
62.86943796 77.8716738 35.51912771
5.774853079 38.62637549 75.79930072
89.69710326 20.68748616 97.97376639
61.6481872 60.97185239 108.2687669
44.22916106 6.889783747 68.19758344
79.26330541 90.67164725 150.6275525
94.45346322 52.74515785 103.505288
4.013727475 77.98903528 59.47463643
19.309506 92.36395862 59.20578709
86.20183258 61.38440328 146.4730937
26.28066279 59.97468444 37.14856409
17.82672251 82.97267138 153.6969619
77.78440207 21.66150033 52.89975937
48.88604331 89.62321827 168.5911367
45.37867314 6.920216475 101.6797693
40.70339405 86.76739563 169.3102352
89.43440731 3.839662828 163.3099866
48.52624319 47.07080386 22.54762385
93.0460984 57.52960434 84.87363741
53.68939526 50.69926353 193.4311725
94.47807837 6.793635772 153.9127447
12.34215789 31.62960347 173.7246902
72.13732492 12.56793504 146.6304184
85.40438463 93.5618802 68.12757164
92.03530259 81.31631007 181.3255925
46.41686037 30.32570996 98.0052993
26.98562535 46.48129247 179.0295004
71.80836531 45.50314009 132.8474138
22.36412234 62.93290059 119.7992346
21.14024156 20.90154212 113.668999
34.13111282 41.10853091 133.2788857
73.28981972 36.70304317 49.01787052
16.2056873 94.03645387 146.3355103
84.26980611 51.18865636 55.29267448
77.30457507 62.23021006 49.34789915
9.088559972 15.00865892 65.01110082
5.75053645 86.12698303 183.0715642
43.91885704 93.88720455 8.80954572
35.34178137 5.989447516 167.6248005
21.04158928 85.13111708 114.8587657
72.00226926 84.70250126 192.0109348
89.58112388 60.90583577 99.91459882
69.59118745 45.43690587 67.76436542
69.92762751 96.1654496 15.2237967
53.30953617 75.55149977 156.7688994
11.08583074 20.04777715 19.23490802
79.86403843 42.80008191 187.5141737
44.43953821 89.56698338 107.1320355
88.91929141 73.11746274 52.32626027
6.155857259 63.53468544 147.2917694
93.62335118 65.50463912 141.1770517
94.48972448 5.543210926 10.78209743
12.13319899 26.74258728 181.8151039
11.15568532 58.38877775 142.9952354
55.15429641 6.382321272 185.5563926
31.79467019 62.68560412 15.41438008
32.37425915 28.46849783 88.89676688
23.74968168 84.07751837 4.972894765
83.28015241 91.7728605 100.1818147
54.20680218 94.47574177 180.7096596
66.53921882 33.58018308 88.3430852
44.85159867 76.19492637 19.42288098
32.84015521 24.93592967 169.39933
57.58969678 37.86107794 191.0999014
46.11927224 73.45922387 177.8734684
29.72770924 69.26308914 63.36433522
17.99230425 21.65286641 131.5401979
31.78599114 91.27202294 155.4963187
18.72743358 67.35106824 108.5115858
90.90257646 73.46004384 125.9073433
30.38184632 11.09342001 182.1872096
77.22537723 77.95817244 30.49457162
67.1054959 59.27834328 117.1343374
40.00994727 57.5824213 76.76204656
9.361997358 28.78123343 8.222947986
31.84439425 63.5675747 79.09843175
12.91048145 92.01947203 6.117093554
64.2490546 15.74673835 148.4078279
6.928686246 60.07811102 85.0317817
84.21407888 54.69411374 178.7585638
77.83154731 4.287679274 10.01802936
61.80738594 35.69244691 158.9237859
81.83067951 94.51187178 31.59752217
72.88005163 71.76631495 188.0440988
94.09376393 95.90849148 196.6475304
36.40152971 56.513784 9.024003015
93.0568439 83.63114379 55.2238544
7.180994611 69.8048312 121.5760637
25.75036011 43.73687636 150.2121789
54.96817089 11.9962184 121.9279134
92.24579915 23.61380412 124.4397631
49.83414434 91.39106067 135.3898938
15.91507252 75.84514208 195.5611798
84.39400089 37.32923353 183.6637824
87.51578654 94.71361054 4.931821749
36.21832445 55.46501411 128.4880961
34.08783097 66.74871456 165.9523881
56.84161307 56.4193572 134.1446461
5.416960176 5.615367235 143.30902
25.95706809 79.10570273 153.4389913
35.83771284 93.67757609 127.9000325
67.20469578 87.39669122 19.37646057
26.82163222 53.89414201 144.1872589
8.158428808 51.21144928 61.61340229
65.07881438 38.23766464 23.72989737
53.11460506 55.23775911 117.2882548
40.16172921 39.03042157 77.55188661
55.88207462 60.43340476 125.4932269
69.63970114 61.53291706 159.6452819
94.38641048 11.4496222 51.10905903
3.933639687 58.09627787 42.53419271
19.92803468 17.752625 147.3631538
81.66306146 76.67796041 181.26854
50.53381819 84.64262896 195.7074321
4.613268787 35.64488935 43.5243851
75.80847635 5.063958685 92.12992105
56.83042264 48.80920346 131.3694619
35.84807291 21.09037361 193.9099822
72.79814971 10.14360106 116.8312654
81.43054778 28.2321116 177.421139
25.79196008 78.43033867 81.51951726
88.59886923 22.27991546 4.855912556
24.02378286 7.789619068 52.47179308
94.1479982 78.16993134 150.6412091
22.05735716 43.53027142 166.5021734
71.79423538 40.88524336 146.7638294
32.236326 35.60730378 91.49913939
75.72516052 36.32579448 194.0324642
67.81991666 9.831242148 123.4186283
81.93442905 27.99018808 54.28465125
49.69414289 62.43054068 179.9005043
52.2321836 6.572510244 94.55450648
17.29587599 52.63211899 185.8324273
88.23005115 8.849474316 15.62991314
25.02943259 8.221681622 86.58031324
86.69674538 20.5027308 140.739656
35.34234782 4.075822143 27.8098819
84.59487472 63.57425314 39.77911579
6.790907107 80.63247023 137.3285982
75.77237461 41.74977636 42.06283595
47.8386378 84.04764483 56.6874734
48.39867184 61.22174563 192.5580543
65.48377467 80.73517374 80.60020137
6.795555869 6.509148653 130.2549767
94.1902666 14.2821926 171.1688794
57.88458167 56.45284094 5.060286777
30.94987364 57.04281893 169.1629838
78.79695931 23.17900473 130.9354199
55.89989498 30.0753136 135.2957182
67.51653703 24.33964081 118.2801273
92.99334701 71.33332522 116.7769829
62.34390291 24.00541873 85.23239817
36.09487258 37.08784775 105.4069788
53.61931614 95.21141169 117.9740019
70.07470823 66.86568672 21.68541231
6.436274185 6.271892298 80.96871957
74.40302032 68.02790251 79.54359868
62.47044234 53.09611055 183.563065
79.9726976 5.809499335 161.6256133
29.32995591 24.1272914 49.44899579
32.5026089 36.71787343 180.6999622
32.35576885 4.920469106 158.4266772
35.89463969 94.53264617 58.29842334
25.19532281 33.16735534 95.45703238
92.88460796 59.28755126 109.6773995
23.3829959 15.83321244 169.8102032
33.2866595 8.381151193 8.609976644
76.69123407 82.21988632 153.5456766
43.02935032 15.45037194 29.73772472
32.02805416 3.713178404 82.93993714
53.24149943 3.427802101 45.05689945
15.9154976 83.06252457 190.0374991
9.05487503 82.05773778 70.84863232
52.64883621 68.39311689 149.6922894
61.09880202 90.35930913 122.6651391
60.05857042 41.58000819 61.23200043
9.090073386 6.558921659 31.76780945
31.8426845 22.68339442 147.6948771
71.88458836 77.31904547 111.0640856
80.00279285 96.31637388 13.05991634
70.59920159 3.296602674 36.26471967
22.46232895 53.5039431 7.417745974
43.02984687 14.02429436 19.59885226
9.957371095 45.48438135 157.1658768
26.27452234 83.93668237 21.03856446
7.630952966 68.63471486 28.16412663
44.34158312 17.47691034 153.1421661
94.40084727 60.12230775 135.3298637
13.00484039 21.87756741 125.3928278
8.272964034 89.47485262 36.28093289
60.48011221 80.55305479 156.5861188
15.98618537 37.22915585 124.905113
19.58330902 80.45422685 12.02431139
58.74860754 92.11024691 6.139489143
85.13981405 93.81275306 109.0736854
65.72514842 91.68996536 47.58957668
68.92526176 7.151671559 141.3294817
95.94937011 38.92136389 169.0946194
90.34742282 30.79579471 122.2466658
7.48600781 36.86311121 23.1831211
60.06400637 62.10934737 141.2653973
22.60397201 56.45700199 57.20329666
85.16757143 81.18407267 53.79799355
55.70597249 71.22420873 62.60642463
66.3969498 94.95628654 141.6484965
10.83711955 48.87609658 80.77113331
6.93448866 92.55752553 49.81759906
59.12955314 53.50687034 34.38904524
83.21682973 51.26264374 26.34143984
20.23885669 64.45786313 172.1095464
73.11461803 20.17794842 11.43177722
83.32569804 66.69047799 135.6701191
65.3398041 31.23361651 196.8956591
5.221863831 6.547738781 169.6735048
28.53539114 44.21784893 104.1611238
69.05624612 64.26808263 13.36645987
27.73576405 93.73138532 100.9815625
85.94870521 19.24517049 44.43806018
44.72180231 6.997685609 163.3417831
76.04289517 25.78416797 182.0164856
47.77151887 70.76337177 144.0627222
15.83494017 17.21364647 89.09485984
21.5766197 15.91439692 120.1485609
7.479086188 51.62951322 121.3342811
64.83517165 92.36714592 129.7380298
33.24048804 18.54473206 102.9010409
6.815750524 6.974650239 71.32448295
75.44918148 35.56738859 3.750674671
15.03247311 55.66320872 123.8842329
62.89007737 19.98405865 127.4982084
56.4885864 76.42538605 108.4209366
5.381781099 66.35322161 65.42877965
83.43709117 40.54729258 68.56889069
18.84671289 21.21365756 56.25961716
69.85090752 26.84933061 164.1648248
30.19453333 37.19817707 17.99959413
27.76826163 94.22721079 76.75011104
43.76220564 4.459798936 29.13560063
80.16102879 23.79713497 119.246997
49.13614172 69.54126773 18.48986866
92.2174788 20.22993873 74.77140915
42.62401418 36.09587679 139.0992895
6.776781085 95.26453076 127.5087487
18.9014094 54.24127081 152.3442912
78.98381214 6.634182104 79.98539284
91.74162222 62.99400765 189.5638146
38.49061194 59.48537837 194.7835408
45.39676059 75.51801194 41.982898
59.53967033 24.87929056 155.3656656
36.65355529 72.31242087 105.345384
69.2143412 79.14132518 27.92864378
56.95905674 46.48698032 175.1155846
92.58605241 47.70809287 146.7113894
78.06654199 32.12683278 95.86748758
96.90631073 30.26233278 176.8767806
74.73700111 22.17074564 60.16351184
93.60008846 50.98327948 4.343347823
51.98137916 15.96498461 12.44578407
30.63796433 44.11035139 44.49059867
41.20019432 79.32075971 7.691734079
91.91573036 7.261305516 142.7527396
36.21821172 49.03719326 124.2912281
47.56477959 78.57071234 168.9964551
89.31924352 45.74034055 99.45300667
10.2483765 50.74604141 29.61368434
91.16600312 90.01266792 87.20399896
78.63949151 41.38925608 75.93709569
58.07607009 44.87210268 96.76157871
94.33117958 33.66413925 83.21462635
95.15039703 13.4227971 157.5486747
60.36926237 94.82566451 64.40805536
69.65109788 57.9978213 32.46323817
80.43947824 33.20351956 30.55601412
13.26895342 96.64208189 62.3867157
57.75209421 90.34259914 193.6868477
22.06369055 50.04719772 193.7534567
55.15429298 10.92732649 179.0694171
71.87221871 57.16020282 45.44313443
63.59231205 61.50260261 47.0198761
44.86800191 90.28945268 61.70249823
5.31660683 83.95358149 53.09912918
73.03368789 77.93735313 19.02603037
36.23386592 40.46973571 68.84223623
15.07930843 4.104483473 109.0997641
59.69112632 94.10083361 37.09266345
15.74466555 19.27492469 167.4893752
55.9120063 93.15339653 71.84679382
95.3265287 19.52413465 42.22478455
30.08387944 22.28319048 69.29165526
48.15239452 14.38154697 193.9489127
20.66562795 4.373874211 44.91706625
75.93949906 81.30852019 45.6788392
13.12556988 75.87664019 173.5521891
43.29334907 36.94706327 192.2824701
84.78823465 95.88318683 88.97757157
25.89055663 63.86952748 26.34083214
33.0785222 82.64487681 155.1751872
77.1304657 95.55879524 6.077571421
29.09551873 67.08269836 116.5209116
16.38319362 65.71901208 70.89177728
76.84811805 85.83429169 115.8212458
9.377283197 68.23372234 79.19649761
45.32501825 22.15376574 114.6086426
96.20441797 44.61348877 103.0923848
43.71686167 36.64750823 105.2404109
4.38947582 29.52496037 37.78892355
9.667278712 66.83338976 176.4340714
48.06150047 21.55795092 8.675117839
46.53285212 57.26550533 109.4149343
85.62816458 78.48204755 4.461960067
45.85845959 96.22117963 144.8567161
