// ================================================================================
// CHRONO WORKBENCH - github.com/Concrete-Chrono-Development/chrono-preprocessor
//
// Copyright (c) 2023 
// All rights reserved. 
//
// Use of the code that generated this file is governed by a BSD-style license that
// can be found in the LICENSE file at the top level of the distribution and at
// github.com/Concrete-Chrono-Development/chrono-preprocessor/blob/main/LICENSE
//
// ================================================================================
// Node Data File
// ================================================================================
//
// Data Structure:
// X Y Z 
//
// ================================================================================
0 63.37610245 158.7623749
0 58.45183563 167.43573
0 67.69041443 171.1430969
0 67.69041443 28.85690689
0 58.44549561 32.57985687
0 63.34441757 41.31557083
0 0 105.8823547
0 8.681430817 100
0 0 94.11764526
0 100 94.11764526
0 91.34371185 100
0 100 105.8823547
0 33.4240303 61.51515961
0 34.6096344 48.17795181
0 24.27915573 51.90268707
0 0 152.9411774
0 8.098029137 147.1199036
0 0 141.1764679
0 0 58.82352829
0 11.51791668 54.30516052
0 0 47.05882263
0 91.91278076 147.1320343
0 100 152.9411774
0 100 141.1764679
0 100 47.05882263
0 91.91278076 52.8679657
0 100 58.82352829
0 51.4377327 10.81035614
0 55.55555725 0
0 44.44444275 0
0 55.55555725 200
0 51.4377327 189.1896362
0 44.44444275 200
0 0 176.4705811
0 10.17682648 171.4558105
0 0 164.7058868
0 0 35.29411697
0 10.17004299 28.57830238
0 0 23.52941132
0 39.59565735 99.7718277
0 36.1134758 90.74728394
0 28.24104309 98.79840851
0 31.32332039 111.6668777
0 62.80968857 61.36467743
0 57.51558304 70.93389893
0 68.34159088 73.9927597
0 100 164.7058868
0 90.30047607 170.9559174
0 100 176.4705811
0 100 23.52941132
0 90.30047607 29.04408646
0 100 35.29411697
0 25.63071442 40.18779755
0 77.77777863 200
0 72.76138306 190.3780823
0 66.66666412 200
0 33.33333206 200
0 27.13708878 190.3312378
0 22.22222137 200
0 22.22222137 0
0 27.13708878 9.668762207
0 33.33333206 0
0 72.76138306 9.621917725
0 77.77777863 0
0 66.66666412 0
0 73.83867645 63.05588913
0 0 129.4117584
0 9.571543694 123.665596
0 0 117.6470566
0 9.864405632 76.22621918
0 0 70.58823395
0 0 82.35294342
0 100 117.6470566
0 90.41483307 123.710289
0 100 129.4117584
0 90.31856537 76.24456787
0 100 82.35294342
0 100 70.58823395
0 23.29399109 147.6404419
0 24.74868393 160.2121277
0 33.55841064 153.6438446
0 57.49208069 121.0610275
0 68.35966492 125.3271408
0 71.81786346 115.730278
0 62.75547409 110.1497574
0 25.42388153 87.83867645
0 74.1267395 160.0728302
0 74.11782074 39.94120407
0 52.5253334 159.2836151
0 52.49461746 40.79892349
0 30.20944214 72.45665741
0 40.10065842 73.95045471
0 43.38178635 64.75933075
0 45.55096817 91.31909943
0 49.79702759 100.3023148
0 38.90641022 139.1990967
0 51.44734955 140.9895172
0 47.81232452 130.22435
0 52.56981277 110.8412018
0 60.55720139 99.9356842
0 0 200
0 9.554018021 190.3413239
0 0 188.2352905
0 11.11111069 200
0 100 200
0 90.44598389 190.3413239
0 88.8888855 200
0 100 188.2352905
0 100 0
0 90.44598389 9.658678055
0 100 11.76470566
0 88.8888855 0
0 9.554018021 9.658678055
0 0 0
0 0 11.76470566
0 11.11111069 0
0 51.93658447 60.89827347
0 60.376091 131.0741577
0 72.56887817 136.2786255
0 62.55155182 140.4138336
0 16.87240601 182.3559875
0 25.60779953 179.9356232
0 35.16032028 184.3940277
0 29.0550518 170.4399109
0 39.81947327 174.6139984
0 64.12832642 184.7123413
0 73.55686188 179.6896057
0 83.12825775 182.3655853
0 25.60779953 20.06437683
0 16.87240601 17.64400673
0 35.16032028 15.60597801
0 39.81947327 25.38600349
0 29.05177116 29.48100662
0 73.55686188 20.31039047
0 64.12832642 15.28766251
0 83.12825775 17.63441086
0 60.80996704 81.7154541
0 50.37611389 80.6750946
0 72.28472137 84.39578247
0 63.39491272 90.04862213
0 91.75765991 88.27823639
0 83.10197449 83.76152039
0 91.86685944 111.7307892
0 83.0814743 116.2089005
0 16.68859482 84.72373199
0 21.69054222 76.04898834
0 15.81224346 67.11969757
0 21.64361572 124.0840073
0 31.14194107 125.0768051
0 17.17783928 115.3842468
0 27.19158363 135.682785
0 16.37845802 132.4183655
0 78.66694641 75.79716492
0 83.71591949 67.37304688
0 78.66694641 124.2028351
0 83.64628601 132.4750977
0 7.862288952 88.23529053
0 8.141646385 111.6916733
0 42.66519547 55.05591583
0 50 49.76398087
0 67.349823 51.94206619
0 76.73391724 52.31447983
0 7.323432446 135.2941132
0 7.323432446 64.70587921
0 92.70198059 135.2941132
0 92.70198059 64.70587921
0 39.16044617 191.8324585
0 39.16044617 8.167538643
0 61.11111069 6.932126045
0 61.11111069 193.0678711
0 92.77494049 181.6737366
0 92.77494049 18.32625961
0 7.320650101 181.7718048
0 7.319293499 18.23502159
0 67.48940277 148.2494354
0 76.73391724 147.6855164
0 92.22379303 41.24287796
0 83.73902893 36.87034225
0 92.22379303 158.7571259
0 83.73902893 163.1296539
0 7.59481144 158.7743988
0 16.17922783 162.6455994
0 8.09766674 41.39775467
0 16.11274529 37.68872452
0 57.81177902 177.1262207
0 48.95204163 178.9199219
0 57.81124115 22.8751049
0 48.95204163 21.0800724
0 20.29374886 170.7851715
0 20.16359329 29.73303986
0 78.75696564 171.22612
0 78.75547791 28.77622414
0 81.90279388 93.64212036
0 81.65773773 106.3420715
0 76.25046539 99.96359253
0 17.51320648 94.32027435
0 18.5130806 105.3102417
0 22.79486847 61.28297424
0 17.74572372 192.5757141
0 17.74572372 7.424289703
0 82.24902344 192.5786438
0 82.24902344 7.421351433
0 58.64334106 148.3503876
0 50 150.2360229
0 58.24758911 51.55214691
0 34.89658737 163.7440643
0 43.47842026 164.5110321
0 34.85801315 36.21923828
0 43.47697067 35.48612595
0 50.17314529 170.315094
0 50.16664124 29.70101357
0 17.39067268 141.2200775
0 82.60839081 141.2613525
0 83.37876129 58.0945816
0 41.72298431 147.8892059
0 83.68434906 46.88857651
0 83.21816254 153.2955475
0 16.21756935 152.9354248
0 17.04115868 45.56486893
0 37.21378326 130.9299927
0 41.01666641 124.4669037
0 42.90600204 183.7900085
0 42.90600204 16.20998955
0 55.12598801 91.39450836
0 43.25704193 44.19629288
0 70.50863647 106.1252136
0 43.04212952 156.3831482
0 48.66214752 70.2434082
0 36.49972153 118.812149
0 43.40569305 115.4672394
0 48.6633873 120.8778839
0 70.75225067 93.73593903
0 43.75811386 107.4156876
0 32.62052536 80.70741272
0 40.9523468 83.47987366
0 32.51548386 145.1925201
100 67.6891861 171.1376343
100 58.4503746 167.4334564
100 63.37104797 158.7585602
100 61.60762787 41.94740295
100 58.16901398 32.37540817
100 67.6891861 28.86237144
100 91.318573 100
100 100 94.11764526
100 100 105.8823547
100 0 94.11764526
100 8.656285286 100
100 0 105.8823547
100 100 152.9411774
100 91.90196991 147.1199036
100 100 141.1764679
100 100 58.82352829
100 88.56647491 54.32556152
100 100 47.05882263
100 0 141.1764679
100 8.087219238 147.1320343
100 0 152.9411774
100 0 47.05882263
100 8.087219238 52.8679657
100 0 58.82352829
100 51.43780136 10.8105135
100 44.44444275 0
100 55.55555725 0
100 44.44444275 200
100 51.43780136 189.1894836
100 55.55555725 200
100 89.82898712 171.4642487
100 100 164.7058868
100 100 176.4705811
100 100 35.29411697
100 89.82898712 28.53575325
100 100 23.52941132
100 71.75895691 98.79840851
100 60.40434265 99.7718277
100 63.8865242 90.74728394
100 68.67668152 111.6668777
100 42.48441696 70.93389893
100 31.65840912 73.9927597
100 37.09215164 61.67513275
100 0 164.7058868
100 10.17363262 171.470108
100 0 176.4705811
100 0 23.52941132
100 10.17543411 28.53252602
100 0 35.29411697
100 66.66666412 200
100 72.7612915 190.376709
100 77.77777863 200
100 27.13699341 190.3326111
100 33.33333206 200
100 22.22222137 200
100 33.33333206 0
100 27.13699341 9.667391777
100 22.22222137 0
100 72.7612915 9.623288155
100 66.66666412 0
100 77.77777863 0
100 59.66729355 54.28474808
100 50 49.76398087
100 68.30371857 62.08375549
100 57.15884399 64.42230988
100 26.35851669 63.13883591
100 23.26608467 52.31447983
100 24.73797989 39.79457474
100 33.53863525 46.51863861
100 90.42845917 123.665596
100 100 117.6470566
100 100 129.4117584
100 100 82.35294342
100 90.13559723 76.22621918
100 100 70.58823395
100 0 117.6470566
100 9.585169792 123.710289
100 0 129.4117584
100 0 70.58823395
100 9.681433678 76.24456787
100 0 82.35294342
100 24.7335434 160.232254
100 23.26608467 147.6855164
100 33.54483414 153.6532135
100 37.24452591 110.1497574
100 25.60018349 112.5191727
100 28.11633301 102.2770081
100 74.57611847 87.83867645
100 74.2385025 159.760849
100 74.30827332 40.56151962
100 39.074543 99.82781219
100 52.42626953 159.7162476
100 51.09038162 39.01919937
100 69.79055786 72.45665741
100 59.76731491 74.24404907
100 50.20297241 100.3023148
100 54.44903183 91.31909943
100 52.18767548 130.22435
100 60.4024086 139.1395569
100 48.44249725 140.9760437
100 42.50791931 121.0610275
100 47.31816864 110.8114395
100 9.554018021 190.3413239
100 0 200
100 0 188.2352905
100 11.11111069 200
100 100 11.76470566
100 90.44598389 9.658678055
100 100 0
100 88.8888855 0
100 88.8888855 200
100 90.44598389 190.3413239
100 100 200
100 100 188.2352905
100 0 0
100 9.554018021 9.658678055
100 0 11.76470566
100 11.11111069 0
100 48.43758392 60.77667999
100 39.63802719 131.0603333
100 32.11926651 125.5371552
100 27.36040115 136.0124207
100 37.47573471 140.1649475
100 16.87174225 182.3655853
100 25.60779953 179.9356232
100 35.16032028 184.3940277
100 29.0534668 170.4422455
100 39.81947327 174.6139984
100 73.55565643 179.6790619
100 64.12832642 184.7123413
100 83.12759399 182.3559875
100 16.87174225 17.63441086
100 25.60779953 20.06437683
100 35.16032028 15.60597801
100 29.06319427 29.56934357
100 39.81947327 25.38600349
100 64.12832642 15.28766251
100 73.55565643 20.32093811
100 83.12759399 17.64400673
100 39.19003296 81.7154541
100 49.62388611 80.6750946
100 27.71527863 84.39578247
100 36.60508728 90.04862213
100 8.242340088 88.27823639
100 16.89802742 83.76152039
100 7.871649265 111.7647095
100 16.68659973 115.3124695
100 83.311409 84.72373199
100 78.30945587 76.04898834
100 84.1877594 67.11969757
100 78.4339447 124.1242676
100 68.85805511 125.0768051
100 82.82215881 115.3842468
100 72.75650787 136.2272186
100 83.62154388 132.4183655
100 21.33305359 75.79716492
100 16.28408432 67.37304688
100 22.83267212 123.1973877
100 16.35371208 132.4750977
100 92.13771057 88.23529053
100 91.85835266 111.6916733
100 92.67656708 135.2941132
100 92.67656708 64.70587921
100 7.298018456 135.2941132
100 7.298018456 64.70587921
100 39.16044235 191.8326111
100 39.16044235 8.167394638
100 61.11111069 6.932126045
100 61.11111069 193.0678711
100 7.319878578 181.7765808
100 7.320239067 18.22394562
100 92.68051147 181.7734833
100 92.68051147 18.226511
100 67.46524048 148.2386932
100 76.70600891 147.6404419
100 7.592349052 158.7794037
100 16.16722107 162.6699219
100 7.593530655 41.22232056
100 16.1848774 37.35583115
100 91.90861511 41.3604126
100 83.87771606 37.27173996
100 92.40899658 158.7799377
100 83.87771606 162.7282562
100 57.8118782 177.1247864
100 48.95209885 178.9197235
100 58.11181641 22.78281403
100 48.95209885 21.08027267
100 78.73123169 28.86605453
100 78.71960449 171.1876678
100 20.28870964 170.8039551
100 20.29271126 29.20400047
100 19.5708313 94.01720428
100 17.75031281 105.9817581
100 82.48679352 94.32027435
100 81.48691559 105.3102417
100 77.20513153 61.28297424
100 76.66604614 52.13118744
100 17.74568558 192.5762787
100 82.24898529 7.421922684
100 17.74568558 7.423718929
100 82.24898529 192.5780792
100 58.17473221 148.6535797
100 49.18119049 150.4590454
100 34.89238358 163.7408447
100 43.47806168 164.510437
100 34.87240601 36.27225494
100 43.36326599 35.55960464
100 50.15636063 170.3864441
100 49.89040756 29.62596512
100 82.60932922 141.2200775
100 17.39160919 141.2613525
100 16.85811424 58.28565598
100 40.6871376 52.8417511
100 41.17937851 147.8938904
100 16.20633698 152.960083
100 16.12130165 46.9734726
100 83.11911774 45.91664124
100 83.1750412 153.2640228
100 62.62780762 131.0232239
100 58.93439484 124.4481964
100 68.11058807 50.20172119
100 42.25863647 43.32923889
100 42.90602493 183.7899628
100 42.90602493 16.21003151
100 44.83016968 91.38166809
100 31.98444939 54.96129227
100 32.1071167 117.2518463
100 43.16313171 156.3197937
100 51.49440765 70.21040344
100 63.16188812 119.1396561
100 56.17842102 115.3667526
100 51.25420761 120.8566055
100 30.21641541 94.11328888
100 55.19235611 106.9301682
100 31.84919357 145.7662811
100 67.35746765 80.75634766
100 59.0168457 83.54837799
67.69041443 0 171.1430969
58.45183563 0 167.43573
63.37610245 0 158.7623749
63.34441757 0 41.31557083
58.44549561 0 32.57985687
67.69041443 0 28.85690689
8.681430817 0 100
91.34371185 0 100
24.27915573 0 51.90268707
34.6096344 0 48.17795181
33.4240303 0 61.51515961
8.098029137 0 147.1199036
11.51791668 0 54.30516052
91.91278076 0 147.1320343
91.91278076 0 52.8679657
51.4377327 0 10.81035614
44.44444275 0 0
55.55555725 0 0
44.44444275 0 200
51.4377327 0 189.1896362
55.55555725 0 200
10.17682648 0 171.4558105
10.17004299 0 28.57830238
39.59565735 0 99.7718277
28.24104309 0 98.79840851
36.1134758 0 90.74728394
31.32332039 0 111.6668777
68.8923111 0 74.84095001
57.51558304 0 70.93389893
63.0202179 0 62.05506516
90.30047607 0 170.9559174
90.30047607 0 29.04408646
25.63071442 0 40.18779755
66.66666412 0 200
72.76138306 0 190.3780823
77.77777863 0 200
27.13708878 0 190.3312378
33.33333206 0 200
22.22222137 0 200
27.13708878 0 9.668762207
22.22222137 0 0
33.33333206 0 0
77.77777863 0 0
72.76138306 0 9.621917725
66.66666412 0 0
74.11608887 0 63.2207222
9.571543694 0 123.665596
9.864405632 0 76.22621918
90.41483307 0 76.289711
90.41483307 0 123.710289
23.29399109 0 147.6404419
33.55841064 0 153.6438446
24.74868393 0 160.2121277
71.81786346 0 115.730278
68.35966492 0 125.3271408
57.49208069 0 121.0610275
62.75547409 0 110.1497574
25.42388153 0 87.83867645
63.72389984 0 90.97699738
72.73171997 0 85.41105652
71.91069031 0 97.67917633
74.1267395 0 160.0728302
74.11782074 0 39.94120407
60.93873978 0 101.2685242
52.49461746 0 40.79892349
52.5253334 0 159.2836151
40.11748505 0 73.94554138
30.20944214 0 72.45665741
43.38178635 0 64.75933075
45.57060242 0 91.31336975
49.79702759 0 100.3023148
47.81232452 0 130.22435
51.44734955 0 140.9895172
38.90641022 0 139.1990967
52.68373108 0 111.0172501
9.554018021 0 190.3413239
11.11111069 0 200
90.44598389 0 9.658678055
88.8888855 0 0
90.44598389 0 190.3413239
88.8888855 0 200
9.554018021 0 9.658678055
11.11111069 0 0
51.96665955 0 60.99689865
60.376091 0 131.0741577
72.56887817 0 136.2786255
62.55155182 0 140.4138336
25.60779953 0 179.9356232
16.87240601 0 182.3559875
35.16032028 0 184.3940277
29.0550518 0 170.4399109
39.81947327 0 174.6139984
73.55686188 0 179.6896057
64.12832642 0 184.7123413
83.12825775 0 182.3655853
16.87240601 0 17.64400673
25.60779953 0 20.06437683
35.16032028 0 15.60597801
39.81947327 0 25.38600349
29.05177116 0 29.48100662
73.55686188 0 20.31039047
64.12832642 0 15.28766251
83.12825775 0 17.63441086
61.43263245 0 82.6698761
50.49390793 0 80.64070129
92.1283493 0 88.23529053
83.34567261 0 84.70345306
91.86685944 0 111.7307892
83.0814743 0 116.2089005
16.68859482 0 84.72373199
21.69054222 0 76.04898834
15.81224346 0 67.11969757
21.64361572 0 124.0840073
31.14194107 0 125.0768051
17.17783928 0 115.3842468
27.19158363 0 135.682785
16.37845802 0 132.4183655
78.81156921 0 75.44668579
83.71591949 0 67.37304688
78.66694641 0 124.2028351
83.64628601 0 132.4750977
7.862288952 0 88.23529053
8.141646385 0 111.6916733
42.66877365 0 55.06765747
50 0 49.76398087
67.349823 0 51.94206619
76.73391724 0 52.31447983
7.323432446 0 135.2941132
7.323432446 0 64.70587921
92.70198059 0 135.2941132
92.70198059 0 64.70587921
39.16044617 0 191.8324585
61.11111069 0 193.0678711
39.16044617 0 8.167538643
61.11111069 0 6.932126045
92.77494049 0 18.32625961
92.77494049 0 181.6737366
7.320650101 0 181.7718048
7.319293499 0 18.23502159
67.48940277 0 148.2494354
76.73391724 0 147.6855164
92.22379303 0 158.7571259
83.73902893 0 163.1296539
92.22379303 0 41.24287796
83.73902893 0 36.87034225
8.09766674 0 41.39775467
16.11274529 0 37.68872452
7.59481144 0 158.7743988
16.17922783 0 162.6455994
57.81177902 0 177.1262207
48.95204163 0 178.9199219
57.81124115 0 22.8751049
48.95204163 0 21.0800724
20.29374886 0 170.7851715
20.16359329 0 29.73303986
78.75696564 0 171.22612
78.75547791 0 28.77622414
81.90279388 0 93.64212036
80.34143066 0 105.9708099
17.51320648 0 94.32027435
18.5130806 0 105.3102417
22.79486847 0 61.28297424
17.74572372 0 192.5757141
17.74572372 0 7.424289703
82.24902344 0 192.5786438
82.24902344 0 7.421351433
58.64334106 0 148.3503876
50 0 150.2360229
58.26805115 0 51.61923981
34.89658737 0 163.7440643
43.47842026 0 164.5110321
34.85801315 0 36.21923828
43.47697067 0 35.48612595
50.17314529 0 170.315094
50.16664124 0 29.70101357
17.39067268 0 141.2200775
82.60839081 0 141.2613525
83.41178131 0 58.11420441
41.72298431 0 147.8892059
83.68985748 0 46.8918457
83.21816254 0 153.2955475
17.04115868 0 45.56486893
16.21756935 0 152.9354248
37.22357178 0 130.9262543
41.06560516 0 124.4481964
42.90600204 0 183.7900085
42.90600204 0 16.20998955
55.28315353 0 92.18486023
43.25746536 0 44.19768906
69.81391907 0 106.3439026
43.04212952 0 156.3831482
48.69508362 0 70.25527191
36.83811188 0 119.1396561
43.82157898 0 115.3667526
48.74606323 0 120.8860092
44.80764389 0 106.9301682
32.62333298 0 80.70659637
40.98376083 0 83.4706955
32.51548386 0 145.1925201
58.4503746 100 167.4334564
67.6891861 100 171.1376343
63.37104797 100 158.7585602
61.60762787 100 41.94740295
67.6891861 100 28.86237144
58.16901398 100 32.37540817
91.318573 100 100
8.656285286 100 100
91.90196991 100 147.1199036
88.56647491 100 54.32556152
8.087219238 100 147.1320343
8.087219238 100 52.8679657
44.44444275 100 0
51.43780136 100 10.8105135
55.55555725 100 0
55.55555725 100 200
51.43780136 100 189.1894836
44.44444275 100 200
89.82898712 100 171.4642487
89.82898712 100 28.53575325
63.8865242 100 90.74728394
60.40434265 100 99.7718277
71.75895691 100 98.79840851
68.67668152 100 111.6668777
31.1076889 100 74.84095001
42.48441696 100 70.93389893
36.84235382 100 62.48970413
10.17363262 100 171.470108
10.17543411 100 28.53252602
77.77777863 100 200
72.7612915 100 190.376709
66.66666412 100 200
33.33333206 100 200
27.13699341 100 190.3326111
22.22222137 100 200
22.22222137 100 0
27.13699341 100 9.667391777
33.33333206 100 0
66.66666412 100 0
72.7612915 100 9.623288155
77.77777863 100 0
59.66729355 100 54.28474808
50 100 49.76398087
57.15884399 100 64.42230988
68.30371857 100 62.08375549
26.01011658 100 63.35845947
33.53863525 100 46.51863861
24.73797989 100 39.79457474
23.26608467 100 52.31447983
90.13559723 100 76.22621918
90.42845917 100 123.665596
9.585169792 100 123.710289
9.585169792 100 76.289711
33.54483414 100 153.6532135
23.26608467 100 147.6855164
24.7335434 100 160.232254
42.50791931 100 121.0610275
28.18213654 100 115.730278
31.64033127 100 125.3271408
37.24452591 100 110.1497574
74.57611847 100 87.83867645
27.26827812 100 85.41105652
28.08930588 100 97.67917633
36.27610016 100 90.97699738
74.2385025 100 159.760849
74.30827332 100 40.56151962
39.06126022 100 101.2685242
52.42626953 100 159.7162476
51.09038162 100 39.01919937
69.79055786 100 72.45665741
59.7552948 100 74.24053955
54.42939758 100 91.31336975
50.20297241 100 100.3023148
52.18767548 100 130.22435
48.44249725 100 140.9760437
60.4024086 100 139.1395569
47.37568283 100 111.0316086
90.44598389 100 190.3413239
88.8888855 100 200
90.44598389 100 9.658678055
88.8888855 100 0
9.554018021 100 9.658678055
11.11111069 100 0
9.554018021 100 190.3413239
11.11111069 100 200
48.40189743 100 60.89304733
39.61465073 100 131.0500946
27.3005352 100 135.9861603
37.47573471 100 140.1649475
16.87174225 100 182.3655853
25.60779953 100 179.9356232
35.16032028 100 184.3940277
39.81947327 100 174.6139984
29.0534668 100 170.4422455
73.55565643 100 179.6790619
64.12832642 100 184.7123413
83.12759399 100 182.3559875
16.87174225 100 17.63441086
25.60779953 100 20.06437683
35.16032028 100 15.60597801
29.06319427 100 29.56934357
39.81947327 100 25.38600349
64.12832642 100 15.28766251
73.55565643 100 20.32093811
83.12759399 100 17.64400673
38.56736755 100 82.6698761
49.50609207 100 80.64070129
7.871649265 100 88.23529053
16.65432739 100 84.70345306
8.133141518 100 111.7307892
16.9185257 100 116.2089005
78.30945587 100 76.04898834
83.311409 100 84.72373199
84.1877594 100 67.11969757
68.85805511 100 125.0768051
78.4339447 100 124.1242676
82.82215881 100 115.3842468
72.75650787 100 136.2272186
83.62154388 100 132.4183655
21.20345116 100 75.46308136
16.28408432 100 67.37304688
21.33305359 100 124.2028351
16.35371208 100 132.4750977
92.13771057 100 88.23529053
91.85835266 100 111.6916733
92.67656708 100 135.2941132
92.67656708 100 64.70587921
7.298018456 100 135.2941132
7.298018456 100 64.70587921
39.16044235 100 191.8326111
61.11111069 100 193.0678711
39.16044235 100 8.167394638
61.11111069 100 6.932126045
7.320239067 100 18.22394562
7.319878578 100 181.7765808
92.68051147 100 181.7734833
92.68051147 100 18.226511
67.46524048 100 148.2386932
76.70600891 100 147.6404419
7.593530655 100 41.22232056
16.1848774 100 37.35583115
7.592349052 100 158.7794037
16.16722107 100 162.6699219
91.90861511 100 41.3604126
83.87771606 100 37.27173996
92.40899658 100 158.7799377
83.87771606 100 162.7282562
57.8118782 100 177.1247864
48.95209885 100 178.9197235
58.11181641 100 22.78281403
48.95209885 100 21.08027267
78.71960449 100 171.1876678
78.73123169 100 28.86605453
20.28870964 100 170.8039551
20.29271126 100 29.20400047
18.09720612 100 93.64212036
19.65856934 100 105.9708099
82.48679352 100 94.32027435
81.48691559 100 105.3102417
77.20513153 100 61.28297424
76.66604614 100 52.13118744
82.24898529 100 7.421922684
17.74568558 100 7.423718929
82.24898529 100 192.5780792
17.74568558 100 192.5762787
58.17473221 100 148.6535797
49.18119049 100 150.4590454
34.89238358 100 163.7408447
43.47806168 100 164.510437
34.87240601 100 36.27225494
43.36326599 100 35.55960464
49.89040756 100 29.62596512
50.15636063 100 170.3864441
82.60932922 100 141.2200775
17.39160919 100 141.2613525
16.8284893 100 58.30432892
40.63955688 100 52.99690628
41.17937851 100 147.8938904
16.11636353 100 46.97658539
16.20633698 100 152.960083
83.11911774 100 45.91664124
83.1750412 100 153.2640228
62.63759613 100 131.0269623
58.98333359 100 124.4669037
68.11058807 100 50.20172119
42.25070572 100 43.35509872
42.90602493 100 183.7899628
42.90602493 100 16.21003151
44.71684647 100 92.18486023
32.05934906 100 55.5356369
30.18608284 100 106.3439026
43.16313171 100 156.3197937
51.46131134 100 70.22609711
63.50027847 100 118.812149
56.59430695 100 115.4672394
51.3288269 100 120.9050827
55.93645859 100 107.2963943
31.84482956 100 145.7643738
67.35546875 100 80.75576019
58.98655701 100 83.53952789
70.83333588 29.16666603 0
58.33800507 37.504673 0
68.15336609 41.19087982 0
23.41567421 50.08013916 0
33.51977158 52.66268158 0
30.40656471 41.89034271 0
89.11595154 48.04151535 0
50 89.97059631 0
10.84821415 48.53741455 0
50 9.853946686 0
27.37030983 59.66556931 0
65.49312592 17.31843567 0
59.06357574 25.66874695 0
72.67136383 90.53507233 0
90.46691895 72.86053467 0
9.479985237 72.75324249 0
72.94776917 9.776457787 0
90.62007141 27.53481293 0
27.45573807 90.5333786 0
27.14618111 9.530610085 0
9.379674911 27.53492355 0
59.22419739 47.86450958 0
52.45164871 59.42064285 0
57.73570251 67.46987152 0
64.2526474 56.58068848 0
49.61970901 49.8347702 0
90.47898102 90.47898102 0
90.47898102 9.521016121 0
8.854487419 91.14551544 0
9.521016121 9.521016121 0
79.31080627 72.0942688 0
83.27991486 83.27991486 0
84.38518524 64.88247681 0
70.83333588 70.83333588 0
74.44416046 60.52062225 0
74.54857635 20.10526657 0
83.27991486 16.72008514 0
16.72008514 83.27991486 0
20.14797783 73.54786682 0
15.24312592 64.13145447 0
16.72008514 16.72008514 0
25.76094437 20.12580872 0
35.16453934 15.5975008 0
39.29558945 25.59314156 0
28.92490959 30.50901794 0
72.45531464 80.18874359 0
65.34203339 84.54773712 0
27.84898567 79.86248779 0
35.54769897 84.5358429 0
39.80848312 74.56535339 0
29.16666603 70.83333588 0
80.47252655 28.52293205 0
85.14273834 36.10122299 0
19.53283119 28.75270653 0
14.8555088 36.10199738 0
50 21.49470901 0
51.5579071 30.85955048 0
43.67754745 35.55351257 0
40.8999939 44.52096558 0
51.51591492 78.11539459 0
62.74695206 75.72483063 0
93.09160614 38.88888931 0
38.98214722 92.52844238 0
38.94007111 7.472885609 0
6.908397675 38.88888931 0
91.86022186 60.78403473 0
61.04937744 91.98942566 0
7.748788357 60.84666824 0
61.09593582 8.785149574 0
50.34017944 41.19740295 0
34.75247192 64.20648956 0
43.58179092 64.40519714 0
78.95317841 50.80887222 0
70.11508179 49.8973999 0
42.47089767 55.84179306 0
92.84516144 82.65721893 0
82.61938477 92.85879517 0
7.111358643 82.56840515 0
92.87579346 17.4218502 0
17.27272987 92.99176025 0
17.34412384 7.154342175 0
7.124155521 17.42187119 0
82.67466736 7.203511715 0
49.52326202 69.68484497 0
78.41052246 41.50953674 0
21.55586243 41.52441025 0
35.71961975 35.12374115 0
43.61983109 84.08752441 0
43.57458878 15.84965897 0
57.1305275 16.62419701 0
58.13085556 84.06959534 0
83.89065552 56.69464111 0
17.29953194 57.56790924 0
65.72402191 65.46910858 0
22.59667969 65.866745 0
58.33800507 37.504673 200
70.83333588 29.16666603 200
68.15336609 41.19087982 200
33.51977158 52.66268158 200
23.41567421 50.08013916 200
30.40656471 41.89034271 200
50 89.97059631 200
89.11595154 48.04151535 200
10.84821415 48.53741455 200
50 9.853946686 200
27.37030983 59.66556931 200
65.49312592 17.31843567 200
59.06357574 25.66874695 200
72.67136383 90.53507233 200
90.46691895 72.86053467 200
9.479985237 72.75324249 200
72.94776917 9.776457787 200
90.62007141 27.53481293 200
27.45573807 90.5333786 200
27.14618111 9.530610085 200
9.379674911 27.53492355 200
59.22419739 47.86450958 200
64.2526474 56.58068848 200
57.73570251 67.46987152 200
52.45164871 59.42064285 200
49.61970901 49.8347702 200
90.47898102 90.47898102 200
90.47898102 9.521016121 200
8.854487419 91.14551544 200
9.521016121 9.521016121 200
83.27991486 83.27991486 200
79.31080627 72.0942688 200
84.38518524 64.88247681 200
74.44416046 60.52062225 200
70.83333588 70.83333588 200
74.54857635 20.10526657 200
83.27991486 16.72008514 200
20.14797783 73.54786682 200
16.72008514 83.27991486 200
15.24312592 64.13145447 200
25.76094437 20.12580872 200
16.72008514 16.72008514 200
35.16453934 15.5975008 200
39.29558945 25.59314156 200
28.92490959 30.50901794 200
72.45531464 80.18874359 200
65.34203339 84.54773712 200
27.84898567 79.86248779 200
35.54769897 84.5358429 200
29.16666603 70.83333588 200
39.80848312 74.56535339 200
80.47252655 28.52293205 200
85.14273834 36.10122299 200
19.53283119 28.75270653 200
14.8555088 36.10199738 200
50 21.49470901 200
51.5579071 30.85955048 200
43.67754745 35.55351257 200
40.8999939 44.52096558 200
51.51591492 78.11539459 200
62.74695206 75.72483063 200
38.98214722 92.52844238 200
93.09160614 38.88888931 200
38.94007111 7.472885609 200
6.908397675 38.88888931 200
91.86022186 60.78403473 200
61.04937744 91.98942566 200
7.748788357 60.84666824 200
61.09593582 8.785149574 200
50.34017944 41.19740295 200
34.75247192 64.20648956 200
43.58179092 64.40519714 200
70.11508179 49.8973999 200
78.95317841 50.80887222 200
42.47089767 55.84179306 200
92.84516144 82.65721893 200
82.61938477 92.85879517 200
7.111358643 82.56840515 200
92.87579346 17.4218502 200
17.27272987 92.99176025 200
17.34412384 7.154342175 200
7.124155521 17.42187119 200
82.67466736 7.203511715 200
49.52326202 69.68484497 200
78.41052246 41.50953674 200
21.55586243 41.52441025 200
35.71961975 35.12374115 200
43.61983109 84.08752441 200
43.57458878 15.84965897 200
57.1305275 16.62419701 200
58.13085556 84.06959534 200
83.89065552 56.69464111 200
17.29953194 57.56790924 200
65.72402191 65.46910858 200
22.59667969 65.866745 200
47.46783281 21.12474525 13.97698788
13.12690549 50.15874262 65.69398482
30.65305238 24.56660466 187.1427096
33.54359513 21.30023267 23.97225016
89.09437461 62.06193065 124.4035183
32.81432185 33.0320689 83.37576266
85.71335137 25.43502713 172.3888657
84.72306011 87.94602196 98.22997085
56.80815544 66.74495094 22.68698316
90.65823853 73.47305597 38.82550814
34.13006516 73.63851858 129.9867032
87.7007445 14.97075297 51.67393348
34.77125286 62.23388873 162.2402717
66.88644906 12.0478948 18.94813774
75.28545392 25.01342447 87.22897659
11.19500593 24.46844415 177.2183135
50.61415365 89.76129236 92.73874138
43.59920422 40.66994181 48.52829616
71.2984452 37.62790986 92.46558304
87.0177708 88.80094932 143.8200103
80.6419099 76.344981 167.1298545
45.88290678 14.70620051 164.3090639
18.2718863 20.48635712 94.76704039
79.21133774 11.26052606 120.1046452
20.624519 57.97902784 13.82773272
19.42704579 25.17441661 54.67294654
52.09558176 24.29790504 120.5043897
18.81767311 54.75164392 92.16131758
64.65471709 50.45054403 29.7039183
15.27591527 7.589970357 169.4659229
75.89450447 33.03941124 162.9436148
18.40013605 30.69575003 107.5752713
59.72935364 66.34129505 81.25027067
27.27984835 62.4110732 149.8321791
28.61163679 64.33030886 121.2998235
24.0714625 9.329863017 154.9336089
16.36985519 86.64690349 100.2192957
87.47226853 51.53727259 74.77282375
80.18852641 46.95107959 54.09220492
11.55688147 39.94152333 18.08098749
35.01654096 83.02884032 65.06427409
90.40776484 75.07106698 181.9611339
52.96009149 37.46376144 69.93282852
72.92061207 39.13332807 122.5185743
14.54552666 66.56129664 189.5572571
52.15739753 90.8345109 45.66704217
84.39478068 81.58924042 127.8370172
69.0453108 44.76851639 188.6816526
10.2517543 13.26132516 51.71591514
51.54644848 88.27047179 61.01455147
10.9485721 47.30184889 46.84370099
35.16190081 84.59666676 10.62308692
87.80173323 44.3188372 128.9207822
11.02254304 32.7892708 94.61768773
28.26424946 21.73223009 111.1049473
57.92327215 81.19047053 157.5935052
58.24209479 45.28590778 176.3586509
86.02820069 9.740243454 181.3739828
18.50444801 75.77557097 57.42549207
82.06574624 88.97861925 191.3367818
88.68678681 79.40328043 111.7444383
34.82802722 14.49317684 128.6365582
41.36739216 11.74537656 179.9911238
70.64377353 58.95245027 11.23599802
67.19226613 62.12515097 131.7236646
57.71260371 86.06438295 124.6924222
10.39832729 14.68176645 30.48711994
89.2766884 53.82787104 16.91651422
77.18285279 90.61616223 65.22565051
78.62313245 25.60320127 128.1027023
61.9349944 83.15038962 17.16777779
8.202354483 10.70609728 109.3156593
40.09521742 55.87635563 71.42947286
76.24742664 63.35279885 22.71509327
64.40937504 30.21784671 14.8155148
33.34257424 9.674476856 50.00650518
20.02288397 59.83506375 179.0865328
23.48728101 51.17733197 42.78273318
46.19569198 34.45401714 85.9672629
44.75494078 44.68469798 105.0521339
74.17042237 12.44687218 132.8624633
24.27285543 41.02662413 113.8627077
32.54221291 28.6578694 9.623520282
34.84008299 44.28399798 120.8270014
68.15839572 71.91443741 182.7887366
43.0471651 76.76624232 50.72218301
92.25088641 64.82693852 84.30222666
36.0477904 58.59815924 28.47315648
63.13535965 67.81801217 98.64105334
45.85745646 32.55497297 155.9019528
10.02258861 20.96204832 163.1815341
86.63802406 10.04074875 166.3430048
20.38183917 55.45293991 110.3106638
50.22575799 48.95018083 152.0173861
89.62932526 71.10864255 136.8774465
52.23670077 52.43690917 51.64084043
66.42396851 49.07653382 167.053195
86.63279126 35.04360524 141.5488395
16.37080757 88.34952582 115.2323883
57.37772196 91.35513067 73.08195656
53.78564044 26.67579621 29.58659284
33.18445034 33.30776372 138.8460765
85.29545815 29.29485747 80.55279306
10.2343305 85.48178171 10.69147887
35.19730709 25.30778124 53.54667417
46.17395559 62.76133138 16.35403886
75.20101657 32.16635207 141.2934774
62.67962917 73.52681028 142.6631306
9.128958772 72.88817854 113.1839932
21.07180988 29.79291512 17.4924691
22.38074546 48.39654524 151.6242568
64.54692211 23.74616219 46.35795956
55.07209814 47.94640217 130.274957
27.9325856 89.98203207 24.48817128
60.65006588 13.52394287 88.24924305
86.50559777 7.977936517 93.21572452
12.78702171 79.91454865 143.6872159
48.73095106 65.55209212 91.52922941
69.78795735 22.1353234 175.2098119
80.69836448 59.08917349 44.82039696
66.67183665 39.74603967 38.20642504
22.96495884 73.03159946 179.9810374
39.22397863 43.86170316 184.9830432
30.64593866 85.0561701 52.2895889
18.20250938 32.09913546 68.66937668
51.86673564 79.29255081 113.0458505
81.73853469 44.5348367 165.0647675
12.63202415 28.79783972 153.4001952
87.11183996 21.82573908 12.03793876
75.83497268 21.79148463 10.61757904
71.37062594 76.25257915 106.7814823
78.10145037 59.06155434 192.5357051
56.20724087 9.491985391 168.7235112
15.85733306 46.09858455 135.1401407
27.08482886 83.97991042 118.963461
49.99915124 47.94333065 9.492893286
52.32969178 35.73959436 125.6142808
44.63638177 29.24502948 170.2543009
44.3543655 89.74353564 131.0795421
27.20704875 34.58411616 58.28583323
39.47507068 22.17221545 119.7348156
86.31075121 86.57197578 175.661787
8.714023968 68.75300434 83.92567561
37.93549309 87.1604554 167.0764245
53.40736354 27.10546659 77.14864704
18.22983214 13.98240018 186.4544662
42.52709799 13.15029817 92.71528056
8.609071783 64.8503331 56.95873803
48.98059639 27.70659801 48.19667068
10.00354357 28.42569538 30.08409264
36.83516329 51.82056854 145.7106869
10.60704174 69.14410731 46.28410164
28.88475166 69.9787288 189.6518838
12.97528747 79.58764323 160.1241705
68.64716672 19.78323436 159.3825393
73.43419766 78.54078717 24.03800861
21.1929785 30.77329321 32.12915314
47.45106401 67.36582044 121.3395625
10.51316008 89.7937397 87.05252268
20.78412644 84.88684469 75.54892526
8.183970544 14.81242686 65.91559707
75.12482293 74.83700216 154.5448877
58.93785536 44.37521298 105.8832338
82.26493237 83.14972445 34.79949043
28.01154812 31.53218634 160.7531463
44.24949427 31.45664818 185.4049497
48.55593452 9.413926651 128.1419919
46.15914385 54.40787389 36.38330951
69.36201668 25.94832516 30.86095128
26.51645258 91.55319372 146.7680359
37.65647228 45.07320818 77.23078918
34.13094156 59.49167979 135.9773398
40.88999652 90.31448113 188.9630254
79.56575009 19.2417977 145.6793376
56.51170701 91.5054507 7.63225247
63.71740081 65.70916779 172.7194643
19.23356176 19.36266872 140.4906156
10.42526982 21.86585893 111.1542331
26.23711075 75.1117544 30.35991458
67.28556204 9.951058408 165.2602111
42.60358555 66.85487686 63.04369346
54.77802965 78.91653898 98.8399501
30.4797564 7.69849581 188.4842659
55.25270279 89.44216381 149.5437503
37.91905227 90.28158932 78.57490098
37.67512274 68.13556933 83.68198034
73.91222388 59.95595078 151.6633476
15.37745505 63.07742341 37.19376617
90.41741648 60.52988288 186.4085015
80.57131688 38.56363354 150.5053964
39.20238266 10.2083293 66.34825795
9.065411054 64.78368899 152.7354807
61.13508791 49.853238 141.5117131
50.89132502 46.39658726 192.4680219
59.3911094 27.62744188 150.4801954
46.50996829 66.8473637 144.1602305
54.24251501 31.40006358 138.3230028
64.20137483 87.20761029 53.34745003
84.73007696 41.53040395 109.2749251
54.49446831 25.61880187 175.5520055
62.76514101 40.60771334 52.77248695
62.8058641 11.65349456 150.2715787
51.93715797 54.21555579 90.29649186
52.79882295 35.18297965 20.45527766
45.26881277 42.10976778 131.4167721
46.35718555 38.12511621 144.4886721
62.4738568 8.702882255 186.5535227
21.91479809 12.24467616 119.5232379
73.14242126 14.77288307 81.24501117
52.22653859 50.49201903 113.1417497
77.03707737 61.09186681 168.0830902
43.73707894 50.06266544 26.3513679
68.72348672 90.03500744 106.1844641
92.71212975 51.39462606 94.25658548
9.470179161 11.24451031 131.0689314
32.73044622 46.45119574 27.98462481
77.86621366 74.91024384 84.78241675
58.71678405 9.083943005 10.58349594
44.27086993 71.83896387 31.86710131
92.31533574 55.76018363 54.3131375
7.438301651 21.37394778 86.93409861
28.031889 12.30929108 15.75806584
66.03985988 30.85101453 69.3784221
17.63356918 36.54111804 125.4577695
88.56387381 89.87804081 73.66773539
28.47390427 9.667475683 69.39561261
26.89707003 19.64890817 161.3974822
16.45740669 22.48228316 127.1810408
80.83320337 36.50812443 173.6879321
92.30354619 29.58613758 181.9574627
80.89195836 55.43630974 31.4573153
30.23577381 38.24081314 98.25926208
33.12376335 89.70676224 102.4071507
14.59818582 53.30665515 25.68997269
9.917866042 9.114269699 90.55697116
86.9361787 70.47418788 72.21033562
39.52816706 30.65883622 109.1875753
44.97275048 21.03830763 80.83548256
22.87079696 62.78854798 48.67248453
88.13333745 72.70478982 53.71632638
46.94931695 55.85859326 160.8305155
33.65991252 52.67057921 103.4913789
68.0921871 57.59745363 186.062889
59.23615262 80.01556286 179.9405985
65.6080548 90.48519755 158.1136439
49.76199658 68.62164166 71.49717824
30.81269616 48.29162826 190.5083654
83.87779188 55.21234215 86.15000041
16.70159602 90.55076343 23.46532879
89.54864044 37.93014271 157.3352823
22.79019858 62.70989533 161.6446353
87.86148246 41.55316874 80.60783531
52.92222623 87.39446827 28.25347734
29.54058332 87.02530441 86.28414303
51.86866618 61.00799832 190.4273255
19.66456156 66.02910925 71.40024265
27.23976322 49.13407961 179.4470531
74.8179006 38.2409175 12.25949487
84.02635869 58.64245306 176.1701897
22.07400959 60.58286201 134.563886
29.90203071 34.27747533 39.68466265
84.40257008 61.60731837 102.6823864
50.4103479 17.14951021 149.3544007
35.15314945 49.68666803 56.44677519
88.67951079 62.69508134 32.71835365
75.24087709 54.80880168 135.4759115
10.58489333 41.19101972 112.7755239
86.07005247 31.83974967 41.73394592
72.70875336 46.03372791 104.3583097
57.98035886 46.52156931 95.2529756
47.95933493 64.23773515 171.0473623
19.15359341 11.55991944 21.2845333
9.318308975 42.42965329 176.0250715
21.32108313 42.19691137 171.0622203
62.88050752 25.17733628 189.7987493
67.47645006 73.20014421 12.66750188
75.00919608 51.64809471 177.4157979
18.15425511 16.80938052 77.27935059
38.46310831 16.4870578 154.0619645
78.47409571 21.1944228 26.74099414
65.51569206 18.62102593 69.19665404
94.15903528 73.6460328 154.5248057
27.52071081 45.88723444 18.08989881
69.907405 87.38277015 6.582655376
35.61913418 37.11305029 17.21333302
48.55267219 61.31724444 107.1600682
63.65722115 84.37899351 167.61332
58.76211443 34.49572454 44.00077971
45.74780186 51.81090229 174.6249277
66.51802256 21.57260249 105.7038484
36.06890673 12.46865069 106.8237085
57.6393628 64.83726265 110.1923164
73.09631886 23.33930898 54.2306284
31.98897439 77.91248895 98.6780938
10.70131227 85.41114037 46.98016538
37.19958958 83.402255 180.0266386
72.13871047 81.7073774 192.0068245
57.59570964 9.62773642 122.450522
10.45501295 34.20506285 78.75386194
36.85767822 70.86365686 73.26200847
61.55612748 20.43799049 141.057688
73.42248946 10.39801219 144.6788522
27.89919146 10.40362759 172.9213688
90.38245728 49.88557958 177.695689
23.73692721 35.66793374 188.9701614
21.29189263 58.17979656 78.02545842
89.22342316 50.72880696 38.30108501
77.22757851 57.76068086 111.3357749
10.58091314 83.18897689 65.84691742
36.55698707 75.5483732 166.3617891
54.7386184 71.7400367 171.7853414
11.14819185 9.067876952 75.80554447
32.86009177 19.3965638 95.99997188
29.38529423 12.75413666 37.76719786
65.10579197 54.60233939 41.22301007
70.9718655 87.77488907 37.51690617
91.89588135 16.28019036 152.6672521
80.05942182 70.28810651 63.43504252
93.550259 51.96762341 110.1988783
52.92240175 65.98391872 39.46691217
59.16135134 76.19867474 130.4609009
10.7354301 60.65027379 115.9808106
88.33108218 24.66044298 103.1677601
15.46374099 92.05098133 60.90912153
50.76130471 46.30488144 78.52307781
22.30001008 21.39702711 170.883851
70.6858779 89.68314526 79.64937054
86.40325012 33.31560564 117.0081566
45.93420349 50.35442822 138.7630066
14.41597848 36.08053356 185.2178514
77.00662158 11.19802788 105.0868879
28.85369378 54.38212002 6.744954143
21.14981151 78.49977411 167.2856
57.80798787 76.18639894 89.00036897
39.3198335 30.09508362 65.62014944
47.17394986 16.19393784 61.74849645
23.6996974 76.93823383 109.3645752
50.5923797 83.15618839 192.5024989
23.55109612 85.16658416 7.08840904
25.30521369 81.45079677 141.3769437
28.41660149 48.26702969 165.5713146
51.01958194 22.83097768 192.0622634
72.84723654 46.24068383 81.9345929
6.090405999 17.67594749 12.48704518
9.02314206 41.56377036 7.262400922
11.64501428 58.49186911 100.9993844
69.77375559 58.27198517 69.42939703
11.00968112 71.68514526 28.97498048
32.60972456 63.90839837 51.13721295
39.09390141 14.19118391 39.59349822
17.43908892 38.88506014 54.30122786
61.66022494 70.18471161 41.58219417
81.949567 44.54245075 181.9526463
34.16941069 60.63159011 39.85624841
68.59442098 28.53929128 118.8844346
14.89960156 9.112778824 11.4470422
72.85157433 59.91374191 83.91954908
58.81724706 31.53731716 86.28539761
21.24437209 67.32864738 95.76343421
33.12199006 75.11231278 175.6650535
91.30435227 63.1677632 62.82885241
17.20642921 50.53451001 186.9370881
91.52832537 34.08093144 103.5773425
94.11753891 44.53866334 24.67489768
79.85954057 89.66321308 47.51419434
73.10986038 7.28190979 187.3075012
73.68696073 87.70354694 144.7747092
94.68772174 66.76796791 96.05017728
44.47010881 42.11274046 34.66377
7.058989172 47.35885845 145.3245
59.66042496 75.97818175 33.0566937
80.06992615 25.46311795 184.0831818
15.86929344 92.23422951 157.7468615
52.41061325 63.88730431 7.766216079
80.32102312 43.77233629 139.2171326
70.40653971 8.027668093 50.54287788
62.25827075 29.84986779 129.5172045
52.93982092 61.67674302 57.88065993
50.75550222 9.005576979 108.4304901
60.60642268 41.47918282 157.8398367
7.996651281 81.10558415 187.4645461
93.7873503 54.68080666 143.9479582
45.39148214 89.79322977 35.20208516
72.82522852 91.18132369 20.52890311
37.80732592 34.30676194 32.20975542
81.61909458 25.14808322 68.95558602
32.91550962 60.11732773 110.6921925
33.92105056 71.25301791 42.85817002
22.58486472 41.10293599 65.30882813
77.32313791 35.37845684 25.97884006
61.67311865 53.14696348 156.2134822
58.82004509 58.66294479 67.32431954
42.26699955 82.76146705 87.70218865
76.4989086 48.84721412 117.3528133
94.31498166 5.401671761 116.5877094
34.95330852 87.26233629 153.2807568
86.06373546 11.02657728 35.96499303
53.1218764 79.27857183 71.81058765
51.63683722 28.82797922 97.1348686
58.93778225 36.47501694 113.1478326
33.72139412 92.54157041 122.7837665
87.04322723 30.14296314 190.5399261
60.73984866 55.20106814 81.93010161
5.986366273 56.07023813 140.112252
82.53925565 92.73196978 125.2773272
66.87941301 9.843099555 117.9500346
88.65993814 7.490500125 22.81552038
60.86382092 55.73209727 58.04843459
80.86362782 71.19736759 32.52941173
32.44719338 87.8328573 138.5553319
64.24981654 11.62154249 57.20855115
21.37486299 62.77605875 24.87071746
90.82239248 65.39280539 9.870158615
27.87041625 20.50062059 44.72872593
32.08470118 93.67672635 180.2345806
13.33800994 11.82453613 150.779392
66.31045809 27.54728374 80.71169257
78.66601291 10.48677362 157.376616
18.36119623 32.31143318 142.8815676
6.191224879 66.59902638 180.1838963
7.938990565 52.35536476 125.8339451
65.40468346 62.10541192 49.6386767
73.98370764 64.2405141 104.6032472
35.56806397 20.5016863 67.95131079
76.31232382 49.0562078 149.9705193
21.27163858 75.19724133 127.7335829
9.094582093 56.82741167 193.2913885
41.31628396 34.606397 123.0932198
8.932494568 74.68581494 134.5071646
26.66290909 58.17081248 190.6725278
32.38349537 13.75356245 140.8653125
75.30642749 74.19625542 43.79981065
45.23390125 40.24786723 164.5720111
40.98398818 56.36869706 119.9246927
7.890789904 19.420985 191.3022172
9.947513347 87.73582743 168.5398856
41.69464166 90.01644329 49.46436807
84.6714454 41.34560784 90.8669495
87.59129495 18.96112286 137.2050942
64.35390511 89.60942154 191.4102657
93.05788394 28.41758195 24.50827194
44.38659201 78.16831164 187.033601
15.20509251 93.42707682 41.47598119
17.3992746 68.74785421 8.957990347
18.6770897 34.09025749 45.94508869
69.16919646 7.251247741 71.27901417
18.6833974 92.05179923 125.6673052
14.56141783 39.04206472 150.6084567
47.69888524 33.70411784 114.4738623
39.68790439 51.43805771 94.83769685
46.45835457 21.93188889 102.5492274
54.49723499 93.260436 191.8014009
70.41949681 65.56034462 143.066235
78.17115196 84.32863553 88.64566162
74.70295347 28.46592585 100.5531781
26.26209806 49.64186915 138.5912406
67.18305711 46.7994791 115.2159625
22.65656793 75.9668985 16.85209039
85.83501821 64.10622308 156.5436837
9.795069593 74.85733962 100.2070086
51.54032138 42.51237459 28.07341911
50.14715989 7.66916132 153.5912816
65.46277525 70.24941427 66.9044599
7.740367074 46.1123752 100.6759732
68.28847885 83.72315714 176.8936613
55.37024186 61.00158819 165.7541955
59.13655169 48.88830577 67.00600519
29.81459442 42.22296871 143.0784487
24.68423804 9.951810315 87.31633518
59.34566128 63.86106136 155.8078938
15.11456534 31.0529789 194.1469355
66.97945776 38.21814422 147.8203236
70.51088536 42.03577133 136.4318151
93.28646375 42.34263291 46.65097665
6.408306753 52.1653352 77.05042114
8.59552988 41.37843545 71.95451694
45.96639996 8.191562382 74.87848777
83.29505922 8.585321689 60.86758675
47.93182141 11.625504 31.51020337
89.5773551 21.25826937 191.5234052
9.962002981 76.95327392 177.4626951
31.72064304 49.75805878 88.19034446
35.93624632 37.40613673 169.0083441
54.29358713 95.05565989 181.2624671
85.51177908 70.58102542 90.17751604
49.75618433 60.29272199 179.8301273
35.34016858 43.49298343 39.28822227
74.48181757 94.16575398 154.4628403
81.1988331 40.90939718 41.02454062
7.380275983 38.09941071 36.18524282
11.58451233 30.09368047 12.22738044
42.00408331 7.644749082 139.5317768
22.29304129 69.53609623 84.69293039
36.85258374 10.33335589 22.88691013
16.09371286 22.76001628 9.315370498
7.493880168 89.80874796 181.4286862
93.42768478 32.96273432 128.9461149
82.06283855 59.42303327 66.39377311
52.87636049 77.05263416 16.74211456
25.38129666 5.325144241 33.30292345
89.3232334 25.09087033 91.85447354
21.14945531 83.83583364 175.1482092
77.0073123 13.02744504 94.03069699
49.98864135 52.4752293 67.6437235
85.33092476 67.55919445 115.3331902
6.993447039 33.48206286 122.5156319
10.85005857 9.660447464 180.7658044
87.18892733 24.66915698 156.3748451
33.25485531 10.96985986 83.52571098
61.47092161 29.44877904 99.51202592
86.86439163 9.880375654 140.1884566
52.56514783 91.24571107 106.344283
23.32694392 14.27681111 56.17779904
85.83709919 54.56759138 164.8442551
53.77519232 83.11660424 137.7628215
36.5388469 57.84477326 172.5034273
64.58956088 39.98763052 20.20504443
82.09563937 45.01241855 8.603056968
28.45831606 34.89299674 151.2610962
65.63389562 79.50170657 65.68671458
52.70949437 8.190164846 40.89346496
64.6331469 84.99893043 149.4003106
88.83677277 84.21259072 48.23108996
83.74723416 32.17689514 51.21514873
92.03210349 83.71660945 21.6284122
19.94667585 42.01123382 31.70082011
58.21224332 31.47313746 165.7830714
64.40845412 35.3985541 4.334616231
70.01479086 16.03488062 40.80550488
60.18009104 15.59143261 26.97081384
58.60093747 67.33357075 122.1877151
6.180950516 69.42037185 13.58056091
59.3619483 7.324363667 96.60689144
94.99622588 14.55752951 177.5438232
29.34246272 68.00602733 23.92364392
54.07447149 11.84616661 191.9893628
73.958482 93.53112298 54.80008255
30.05261116 52.34203027 116.2169408
85.48545596 40.7053656 25.09541912
78.17018978 93.31801042 86.69497743
9.287683256 89.39960962 126.7095293
66.80481776 32.26702058 168.7254723
8.054972065 55.97367463 174.8554975
39.83040748 91.97761579 25.00457451
92.98310863 86.94315245 65.1261974
14.20583309 21.4898269 41.67439498
16.24651685 79.76543237 87.11914902
24.69266185 25.48643705 122.03071
82.07464305 47.72028729 99.5755966
30.09326984 55.06085397 19.17845462
8.249251407 63.44701617 72.48288349
21.74511666 85.13369654 40.74071545
21.75975661 27.43377927 79.79417333
57.75570824 34.16373743 191.1660268
35.75803501 73.68022426 7.750873907
82.04139144 9.66775701 11.67019897
71.6355217 71.38790984 118.9282245
51.29778912 90.57152996 167.8130626
65.37513459 74.21867144 193.2532787
90.05974285 63.47903729 164.6322265
59.81689901 74.1850145 108.6924962
52.28992061 52.00415966 22.16902726
80.58019838 87.30730066 108.9059578
9.973385735 14.27448783 121.9175883
86.14380644 86.32044577 14.7558213
36.53790668 29.38282503 128.8255436
29.96425044 72.79378758 145.6592318
79.6109511 82.78838888 78.59725647
34.46217847 50.92427498 158.3563494
40.5129834 56.90732874 51.22767813
58.68108133 54.43507636 193.5830197
57.06299992 74.07358758 9.016204936
24.23458274 38.81444408 9.866153523
69.3410801 36.09607608 79.31983083
37.01475377 38.48203627 69.21410791
8.609319207 88.85124569 153.0567783
55.6310597 8.799688434 135.9062927
9.128841675 65.2698915 5.74625135
42.73353999 6.045876674 120.8124251
90.75841702 36.13231898 13.98396934
88.94527667 80.59301994 5.654098544
79.19635232 67.21352617 132.2036754
60.74251411 83.26430861 82.59564031
65.42885499 19.90749291 7.724284716
6.968961581 79.64252641 83.76484005
4.360331813 26.36904729 66.30544981
83.95903216 15.57647959 80.51795792
92.48253172 83.12163178 159.3676178
92.38535864 11.64946346 133.5229745
7.433662519 19.36570549 21.64214142
89.25413334 30.08379049 58.7904465
65.36115033 9.340504313 104.0627228
45.799155 78.31756759 62.4140809
20.43744401 29.74345058 166.745629
42.36344556 58.2267601 81.96431684
54.35912094 35.26642245 174.6305934
53.45554106 37.668814 96.82148799
22.8854298 82.66032589 92.67473859
73.16306716 54.75258364 125.0323194
35.29768763 76.01393724 25.46897912
57.79878963 56.27994591 118.581244
42.77770932 23.21492978 144.1598594
43.9696433 91.14012019 11.10875266
18.26076972 51.54592427 126.2463054
65.16576461 39.49400159 62.08938247
48.65670165 62.63938935 30.60347358
21.32080144 30.33587013 176.1193478
28.13317588 93.34746848 76.20261948
44.86271179 74.59501648 20.76310314
70.23480635 63.7817048 160.7359136
76.57402682 8.763804609 27.11756345
5.746070921 34.14603578 137.7581863
7.116857369 84.91780096 76.46797471
69.62678543 72.01436015 79.68110988
17.21613442 79.20110343 192.3569437
44.11317763 83.64785054 42.53092135
84.15204782 70.39996884 19.76277796
20.01232531 9.241473993 108.1440051
26.14149591 19.34148289 81.96679416
12.64890996 45.24622705 87.89526553
39.18823567 91.76607439 146.3818699
62.44077817 73.97560912 164.443024
53.5098133 43.87441655 140.6549287
28.56011939 87.27320166 186.3982794
23.08079432 94.98043089 46.07405197
24.65218135 88.16489238 61.76673027
93.7304998 77.26726684 98.13177396
61.13513049 60.65694555 146.2840578
26.96836509 28.68709655 92.56432625
39.23038445 36.40071342 101.5231216
50.2447569 69.78850013 48.87499597
10.07363671 57.61143491 10.32086583
30.41405647 53.70164568 126.2430422
54.39619235 44.01841619 59.5695135
87.15303584 22.2521614 34.6062775
31.50122126 86.39567756 36.75243342
20.90432949 22.06649357 150.526161
93.5507579 62.74425837 114.435517
73.70209351 50.63543386 91.07022139
83.26150309 93.27486799 155.9347053
63.96594506 23.48685681 90.90579638
11.31606725 71.60441303 124.1739596
7.239205591 89.26180664 192.2352196
35.1520255 77.79081793 189.1690793
78.49884928 81.94045241 13.5704345
53.86226316 20.60751473 56.5801155
65.28884184 19.87932616 123.8444708
49.42321372 7.478643021 23.106591
9.42987327 57.55683693 49.87144477
88.77141932 90.25952424 112.4071722
49.61639956 78.55662642 165.4304253
75.25770166 73.92823942 97.56877662
5.780537046 78.50735817 37.30998848
62.6088666 93.51088569 64.52149263
19.90632347 50.5787718 57.2119794
76.98691248 6.924261289 38.12958181
11.00795001 51.81868827 113.0229139
79.07970392 89.11274994 167.578538
33.9454836 7.152035546 119.8613864
7.349830156 96.25993228 94.08615625
42.25354293 46.04841346 62.68573718
76.94855756 94.72550684 7.736947052
77.14550605 92.99081116 30.13503867
65.95779344 89.65246819 29.47306166
90.86548119 91.12327421 28.97520657
59.06759576 72.93110309 53.43089604
87.96070658 53.91745033 152.1184668
81.27792491 61.06187117 79.29437447
5.39599087 4.167890951 142.3216803
52.28915338 7.977371754 49.7448325
78.78982331 15.89396693 170.2950348
41.43968817 52.33336214 127.7873805
38.03455626 40.84622172 90.97590364
36.04897582 7.076164477 153.5080348
64.24563143 81.77657855 117.3172437
60.30842539 66.90490885 190.8645806
51.08884722 78.5942811 82.69913523
8.794136506 7.743854023 190.799217
25.92181562 6.481207619 144.2823112
67.7890354 56.03506827 93.95340227
40.09966944 92.32478752 92.09037126
59.88582767 14.16559622 43.4046102
51.60592979 58.55889632 145.0354559
76.34961998 20.46492946 105.4811785
46.87483131 74.38640176 195.3400526
66.23581369 32.84710624 157.2535029
19.981803 37.09500671 158.1956934
84.91163124 77.81545482 195.983544
73.56491995 46.91209853 17.35094295
74.83588974 33.98648793 65.03270944
87.97831472 22.12131546 119.3439237
47.6769292 55.31251803 100.1768212
6.952927629 69.26782544 162.0691484
60.74891316 50.29383657 14.16512218
7.326741433 51.09899738 167.4529872
7.866030549 25.32509558 134.9347101
44.87074641 15.08456039 113.8562477
13.33767776 64.97657822 171.3996494
10.24032944 37.59697321 64.04444298
51.80376009 16.17563901 184.8051547
6.831902593 51.20801648 90.51609631
9.905950441 33.1341709 167.1480334
80.98745162 54.23233327 6.598265465
35.01837572 42.28029683 133.4932396
31.49899541 67.18154809 103.7133218
75.18668574 40.13864657 73.43747449
71.07296125 8.810984082 89.31035654
88.20187695 90.81028788 87.26529925
25.71077129 89.86629518 131.0065385
71.42297332 93.27214795 165.7093502
9.784796718 30.16006309 59.02517944
18.84683627 77.42910709 119.3026967
65.64297027 93.68337903 123.1532178
7.476729506 82.1062659 23.17057662
79.6302492 21.25908853 162.5845978
91.9839672 45.03789429 60.11279605
56.19893625 22.48012103 68.25164043
44.72846778 5.190746125 99.67575532
66.80469741 34.53170885 177.1674476
53.58415707 33.14147061 6.685942573
86.76272858 4.19621566 149.1237893
34.94340251 65.60311027 176.1710514
43.70097437 31.38930904 13.6749565
25.29970293 92.4770881 157.5525979
76.76297977 49.55079453 42.75316243
51.9284435 78.54694022 56.18518505
48.53043394 20.57737 70.8745917
18.50792326 92.60565989 190.1375525
7.012387908 82.82503984 118.6263
18.27041846 19.44892448 105.5977494
91.86149721 87.06707649 56.35600262
61.65171808 30.81342061 60.98256225
67.80914019 80.87131437 43.77920416
70.40498017 94.64524594 91.84611122
23.56902656 14.48705504 3.653214197
16.04638763 5.947950484 99.1663937
91.04650731 77.99063397 145.5032625
94.03769615 87.31662421 6.441268549
37.26694653 40.87925644 160.6414824
35.70613243 90.87230177 111.8223001
10.01337634 46.90010584 156.7822921
50.58891818 57.98656696 136.8322439
70.89280527 83.25094541 137.1743877
54.55450424 39.38629877 166.607066
33.49522734 63.77769628 93.13082063
18.09547551 75.44461343 74.48860054
12.36507466 11.58179202 41.04224417
23.80954312 65.41814554 61.3136142
91.77778822 64.54070641 148.2125703
25.83539916 77.01188598 159.406657
66.50511585 73.10002488 57.73395243
7.734797196 6.812877757 155.4548857
41.66452209 61.97943408 130.3364543
74.49956071 80.93218313 121.6273391
6.525148902 59.57988393 21.35252859
71.062461 12.60832182 32.40523812
21.78993756 53.37814364 169.1960552
70.59355857 46.83158712 66.35232847
86.19309156 92.32467949 60.4592722
72.06188172 67.65002184 91.96278696
90.75622436 90.0929038 41.69510156
69.26977552 69.14949797 29.27423876
10.49758324 29.4529748 46.50974039
91.45008406 66.20567516 19.91784622
38.34511517 70.84109965 141.3083656
9.070159348 86.91355914 30.40483245
44.86952627 87.87390209 175.5085457
48.68890394 26.6898762 38.2784199
61.14183805 15.18738964 175.6362203
5.59847456 93.79028379 116.2421778
23.80057468 10.77272482 129.8789272
79.7305869 43.14304059 32.10804249
36.27123512 78.61120982 112.4458152
66.85841541 42.20289175 8.951422259
11.21711138 67.04016759 95.32690101
73.59046744 29.47358609 42.87079609
82.21146472 16.89123001 72.14358438
81.71939378 86.30746338 24.21485745
68.79618932 91.53203174 130.9751647
61.84791878 4.396043881 67.47259875
8.305301646 93.19640793 16.53145913
31.1919923 57.44822841 180.6463636
43.76927856 39.5382942 22.95793569
20.83130682 65.77469932 108.7586858
33.02181582 3.503378775 138.9100497
86.88356841 48.18570555 145.8081084
76.96309175 74.52296292 143.9557435
35.91768909 82.57425021 44.46941384
76.28579605 69.92517652 8.348597368
21.28811334 42.36190877 182.3991957
70.9503733 21.54082069 186.3464922
25.66594555 5.556516713 5.334041455
21.75952304 23.43364055 65.91384015
81.58503727 23.7924803 194.0564332
92.86140396 10.2037652 192.8400739
94.66285593 26.35014362 48.42305676
17.70378963 49.27603395 117.6873575
69.78739068 32.19385856 184.8131319
64.74531314 7.342124878 175.9035692
74.81718728 29.30118656 19.62887413
15.7370997 42.44735355 79.97087908
6.858986316 95.32334031 57.79761694
76.83791877 95.15455923 118.0796008
39.47170094 67.15867235 183.2371119
23.08103022 92.323753 54.19766175
92.46369286 25.22993567 65.52960141
21.77207928 19.45301185 194.2772319
48.92932251 73.74697429 155.4999726
95.32290084 15.43248973 89.18837472
61.53732461 86.8948426 93.31466378
88.96786816 37.34761335 65.05372705
57.85100743 84.66480052 37.28431327
34.41548995 7.288322428 92.33761317
51.1477252 83.2620994 4.413811327
62.96133791 61.97882805 90.50469457
88.28720945 38.77101673 188.365815
24.00459822 93.9347669 183.7557261
9.037973706 48.24343061 189.694927
39.52824102 40.46924451 7.763671299
7.104457842 65.72833478 138.1464701
33.79351368 46.2489787 65.78241298
32.49891357 92.557917 195.564049
75.21752156 39.27466184 112.0006414
65.92312462 77.38711426 93.33935756
38.55513372 73.29633641 93.67403919
44.07735568 21.69130541 178.8034861
43.84639676 6.807198256 53.52750497
33.37530438 11.98466571 160.5944683
48.78687132 76.17902103 141.1979059
82.25457899 37.44807194 70.00270929
24.83450207 94.33400512 32.82804308
94.01885523 22.42416378 79.22594923
90.24971745 54.31514692 196.2377248
49.44110311 78.22073292 36.14742724
47.15500049 26.94242411 133.7416277
59.66853573 22.91265597 165.6411474
3.914645868 27.31174684 77.47328091
17.58553575 70.54583112 141.6803689
75.88093362 79.24791216 181.4289568
23.16346018 77.70678224 151.1363359
63.35109473 16.71470707 113.0696542
32.02361917 95.1092495 10.32437086
83.8008698 53.37056378 132.2484557
90.51229973 51.74748813 121.4613341
37.80904851 30.07605962 161.4684978
25.71178982 12.87726501 96.19632806
88.33188684 10.40541503 126.0979896
32.91863855 64.67357268 16.42482095
6.31422619 38.53398654 147.1610088
90.07508549 93.33137867 182.3653225
70.01954255 31.95610874 54.21289303
74.99642748 6.134470868 176.8857874
6.819539486 6.280906338 21.14313687
19.30146668 8.118998409 51.37955357
52.92609392 88.60626696 17.10206408
53.2673388 69.97662478 101.7994745
28.71115774 38.19844133 23.51649868
91.03127395 35.65245788 168.7110677
44.44265057 10.69712388 9.879157042
84.20991966 78.6980817 22.49035934
84.23915895 72.28690709 103.9408078
89.89240607 9.595964789 7.943468514
82.1711888 11.95102864 192.2243944
58.81331494 90.9623499 171.4759124
17.02396887 57.02642311 143.6505741
26.62318996 89.33974386 166.5824623
85.60443327 4.953870474 109.2431889
54.87034666 71.99612894 160.6060585
47.62152756 5.396209025 192.926309
10.36983242 51.39849231 35.43846508
10.60755999 24.66447943 144.5926203
92.76085609 17.1578419 100.8304411
64.66195391 94.28443839 19.04431719
65.63495727 61.07104856 107.9334861
6.770576377 91.34485344 138.0675607
17.60916357 59.99973476 58.11400635
74.95402625 14.55274125 56.05992571
48.63492748 95.63835303 155.851912
5.086342918 33.37351392 191.5115824
92.79792096 55.59456727 133.3231729
81.43890253 76.06872239 119.2695824
12.56355814 39.12697123 103.8208506
22.2608877 38.55331387 84.42923096
21.62913025 44.29936897 97.98544638
15.44745152 57.93131232 152.8758797
52.28863356 8.852879852 58.82412597
7.010709913 84.71422022 110.1663901
39.88464614 20.03755053 195.1081907
91.18689415 55.4969645 26.84462164
73.56024388 60.13466552 55.52624374
32.95023 39.98028081 108.6979633
17.69377038 93.05453903 172.7870453
94.70437725 72.56979486 121.9155207
54.04294761 93.80889178 34.6538752
43.52098682 28.32951983 22.12623205
42.7176808 81.66383371 145.9492575
3.800592283 22.50107966 154.7822314
75.27575422 45.90109928 157.9285817
32.78582329 78.21100509 153.1294614
82.10961283 83.75263802 54.26524574
55.16388617 17.08437075 99.22851521
8.840590729 75.51393796 152.5708517
13.28167426 78.36035154 3.485939359
69.29304288 5.463620469 6.094988697
19.0485187 45.45091829 13.4727836
7.900177572 94.34100312 48.06868419
89.9255769 94.64785413 132.5826224
19.07560203 94.93529242 12.26397441
39.43268183 93.19547922 65.47466217
30.92817613 80.77570775 74.67391602
95.64997732 11.74999597 14.08839764
84.10019594 36.13785009 6.959967576
35.11700879 47.57552907 174.0229848
24.47640964 73.31996853 65.54622151
60.17840763 6.93329901 31.93653799
50.70865261 10.91540853 68.10106138
57.33065063 28.22725632 53.49543369
94.96819527 85.85056999 189.2135001
31.31502774 20.14866545 148.8022246
7.089024697 48.7204926 22.89964081
37.99524511 23.44014693 43.42712109
11.07678431 49.1664566 12.98536144
42.57783936 24.02741404 33.75651494
81.63465283 48.14457694 64.12437996
30.3101735 43.92608474 49.02527006
65.29046573 17.74732642 133.3924912
68.09503258 5.778537367 38.82560892
61.74562148 38.88443115 129.9411375
77.74167913 17.4912378 65.19797666
41.39737864 41.74825012 175.4388107
42.74828722 88.08932263 99.98967221
61.94580429 35.1444234 26.6305008
15.95135218 69.72791289 159.4190203
75.40987777 77.52674086 53.01022946
96.53454812 75.82028467 67.77602403
32.99993574 22.94655396 138.3085709
71.16270779 21.75398856 113.7000646
50.19297871 34.26031093 60.32118912
32.44988204 91.26686938 44.70881946
26.86164603 19.40991597 73.7870407
8.421916119 86.71182916 55.76768833
88.49897424 95.61839057 15.39806428
94.28591871 93.54190018 191.2969865
10.55469464 80.80962264 127.8393438
17.99330398 85.16663293 32.6156777
49.65561518 94.17491729 123.8300464
66.92748192 51.03795489 74.12680688
69.82858463 60.23449908 33.72449902
82.28587836 22.63109351 46.5367312
59.58264599 16.74104622 76.99932815
25.35356513 27.1718832 144.3379438
20.13274804 76.2703865 46.82023217
65.88572607 94.80948913 140.20926
43.21562799 67.86768268 43.19897394
67.07950728 93.38539465 184.2604457
20.00080409 85.36025731 153.1639328
8.358098834 27.66710379 103.2071613
72.09545921 69.02051783 192.8716475
59.30639785 85.99137541 111.9998933
39.31671089 37.2888398 59.67711573
47.7952621 23.88885398 89.98329999
87.59006369 19.08140657 128.6646106
14.85875503 75.41071011 184.4897445
54.46280018 78.68787996 147.4264024
96.54072772 35.49221544 30.36115985
47.47610415 43.93789893 89.8463558
93.22046187 34.48171439 49.64667737
28.75639803 32.43029617 110.7943411
51.70399449 15.66270309 5.090091893
76.16231871 89.54978116 177.9761309
8.701454567 18.78949525 100.1857249
78.39753507 94.34594516 135.8285404
14.68677087 92.54722241 76.70991534
23.59670187 43.74302604 128.373198
5.836387477 48.08496719 56.27549375
25.094299 45.8232585 5.624188171
4.664369318 25.69146412 127.5485293
49.98887166 54.92721619 77.09941741
79.85209036 23.39809865 117.7175049
56.15021924 6.845334746 80.45456446
44.14144601 26.49621781 59.11778055
90.44403567 72.66072623 165.0599929
48.09550334 86.0771395 75.49458727
69.87372578 49.60145613 51.44042334
8.907368447 31.33056594 112.8165024
10.10870323 60.82825854 89.65419511
91.89580432 28.97976828 149.2109898
94.40597816 41.65050564 140.4247744
67.95998792 15.55199482 192.8408551
47.90968423 46.48473976 122.3539155
17.23319747 82.46123397 134.0161138
87.46121787 91.95734345 8.295758554
75.75586434 47.26252003 130.2934613
79.16458753 35.73948707 193.1965332
20.58997625 18.58243008 32.1756414
25.28276285 76.14548132 80.24089354
93.47204547 15.59776315 74.92882431
72.07426669 74.1664514 127.2184646
30.48906404 62.89401431 5.42716579
76.3298853 64.59996192 180.201872
90.38839401 78.70617304 61.12921876
12.04187313 40.64929035 193.2420405
42.47238285 89.49601814 121.677172
84.41757921 29.75692666 24.65229109
23.5509859 76.26428478 4.814477624
68.65103008 83.72860237 73.53491306
22.58488588 47.06415645 74.44210425
47.66419295 92.28118423 115.658907
23.48729816 49.9660862 32.186841
21.84582082 95.79552526 87.25385446
79.79635564 7.869332067 50.54170197
59.52474273 94.33960353 135.057905
5.793967629 55.05084356 155.556632
21.92066869 36.8737631 93.85044989
60.74246921 75.79843806 76.43773362
36.02320294 13.34656867 8.554988515
22.29957213 15.18566394 177.9103047
57.60861898 6.316610031 144.4534209
56.38859261 71.01000424 62.06934306
92.50455226 44.11016895 102.9305803
58.5418611 57.55379121 136.6483959
42.79938283 68.62013818 190.4829701
27.63864398 70.77672494 10.06088543
92.48685532 71.622889 106.7493221
93.80554197 39.61483081 122.3795072
62.78511201 21.34888487 57.78788366
79.77720012 38.30160763 84.16696971
28.34695994 35.3643955 176.4982245
81.94736893 53.38390695 185.6375577
36.3076009 28.06568687 176.2630244
34.1601298 26.61543722 32.83779106
16.90362554 93.02875732 139.970714
59.94909753 23.02229235 37.06466702
96.09029345 78.50905 130.0317821
91.54763152 17.92857445 109.9039376
30.38485377 62.53757537 83.13439042
15.66678781 5.803523513 136.3462674
41.12749079 66.23826757 52.00011789
65.89299597 80.26480218 125.3139663
76.02536837 64.53263625 120.8491433
81.56105925 93.6860781 17.80652091
5.443507475 6.096701333 120.5839827
27.47369391 22.74736787 130.9899335
66.84534433 4.465198668 135.0469302
71.8165217 20.54243802 97.74412426
35.16776167 70.19097335 58.23128868
80.68219112 77.613997 70.58177523
48.99857252 8.168865716 145.3014209
50.80029095 6.610265002 117.3591258
26.78310889 81.39623922 193.7520576
96.77441892 86.4355991 107.9596106
13.86938911 22.12257349 66.30637706
41.76030578 18.73726256 48.14102403
83.84547866 8.883815531 73.28308441
39.65548054 66.56172645 10.1417478
72.75900139 66.09184074 40.73368121
4.980546216 32.35366891 18.95001809
90.75701273 96.31262874 48.13910485
52.8445813 39.26270079 39.61917766
40.30834841 47.14235673 15.57561209
84.12093219 84.82216297 153.8416176
60.74915851 60.07736951 7.760434487
51.89798854 16.80996597 134.7261476
53.1593554 70.72589595 187.3268591
87.23995013 19.82089956 183.4160498
62.45303337 37.89704904 99.78485713
32.34246749 96.68249772 132.3038174
39.43372773 89.3457638 58.18031773
48.07943598 72.54816438 107.2948071
47.71945435 5.75503284 86.49848867
9.128231524 65.81522586 106.7966722
63.87634958 54.88641112 178.059525
95.15528711 56.25393375 80.09081301
93.59301787 16.26017118 169.5797783
16.28751745 91.54424264 181.2547474
6.940711117 95.50158757 24.20386615
6.785462035 93.74604075 66.82142687
50.38423939 5.447066937 7.261379809
59.32554436 54.224551 107.9482711
39.46455554 75.61079888 150.3954181
91.34906482 15.01074011 61.73920974
32.74054323 95.78495546 86.3875041
82.11215931 79.11542988 61.65425576
20.26988215 26.28646682 158.4240442
42.70550916 70.43582304 174.4237963
3.590617076 46.44411503 136.4079149
46.1230523 60.52718587 151.1987257
22.74660653 22.81316817 25.52235302
91.22448209 92.45630077 158.7882783
60.68143785 5.188523053 44.34140604
18.2821944 5.353066304 72.26637115
30.49723282 12.70229668 60.598716
6.82588263 24.19562157 51.34159467
34.97063398 29.50448934 151.5094356
18.40135026 63.11769734 120.4606398
94.54666669 82.70946517 77.00172606
47.38067839 77.21090427 178.7123674
50.19258976 27.20951494 64.38291869
41.55342698 51.97501963 111.05437
95.90050439 30.36155345 165.6934202
9.929740923 11.28662331 161.4208585
85.60464481 12.25541327 102.4099815
54.55412347 47.47509476 163.5320667
52.1853906 84.03195327 175.6695945
30.64527742 76.00709267 55.00533968
70.14954955 9.009528596 62.73486887
7.245063324 71.87870456 67.84749411
31.75415316 37.58826016 193.0617896
61.86202616 74.0108748 116.5734295
27.58305939 79.15546709 43.29014629
21.74568247 84.35710882 49.11157193
82.37494629 62.05418985 8.362306771
76.35330418 56.85312092 99.40696431
94.187644 53.42212451 65.58697161
12.22253381 54.59916066 83.67877682
94.92224288 26.77075764 118.9985189
33.95779564 69.25600289 110.8772142
82.79863378 39.36660494 17.38652051
57.92569304 36.47843357 182.9980772
36.2569785 27.28267928 94.34720531
46.04397517 61.33113465 46.04020362
49.56745227 79.10418732 125.5199732
14.69041561 77.51259051 13.68126999
7.067638404 76.29543271 61.15003044
88.11587799 78.42823082 78.25148291
9.390957858 42.58733212 165.7326404
37.21106131 6.139495969 33.40200996
10.01773259 17.84356791 140.2524958
64.24104873 70.09692744 152.0981583
95.00804757 54.35407957 166.818923
19.34091754 5.312320286 81.59337327
96.61900591 92.54501057 82.38979077
30.06916641 43.41430587 155.8436768
58.90008018 95.90407081 155.5095675
26.22035777 93.63671752 118.7501983
46.43679106 76.62492929 132.1499413
41.90583271 63.34836523 98.25872397
59.27843443 77.59851344 188.8938911
74.40165113 84.57874386 97.77929982
92.3296544 16.08249376 28.02664079
49.98438485 32.82957785 193.5502721
78.10222567 67.54339664 187.3977207
6.073956349 93.67990112 101.9853171
8.055509052 51.84954147 182.524167
16.13962778 81.75725679 21.71028611
82.09084649 63.00244016 141.5847124
61.39365482 39.6086818 138.5868402
92.15157775 40.81909575 179.2840485
64.65518659 57.02306827 19.87180835
21.27658985 86.71658779 195.7946489
84.89887905 47.69913516 193.1735852
92.3104563 8.630295579 30.7823585
94.54743623 74.45684444 82.75471422
65.92368773 80.90753531 100.6638485
45.75766686 86.04855289 159.6159488
57.98103609 54.89410199 98.1557692
48.78677147 82.4850745 152.5835363
59.27827337 83.38581715 193.6224582
50.03326472 7.241872472 15.18689009
66.62244153 46.34705782 45.02308786
47.08935493 69.26640834 163.458075
67.10597485 65.75048445 18.46462346
11.31730141 61.89628121 124.4689802
7.245348513 71.57857145 75.15610542
81.76247327 87.66076472 5.481632493
95.3220756 11.27819794 82.37948656
10.15407362 28.37282915 187.4742167
6.208239913 65.80432672 129.9443346
84.83567533 92.8421873 35.25844806
46.46061133 93.76976316 80.7933031
54.83271029 91.93387596 140.529167
66.65343504 6.69476523 79.84472567
90.39113147 5.276985934 47.84273642
70.92598604 50.11342368 7.12165447
76.28792265 15.32532527 188.567644
73.33755832 64.21081707 63.73694016
89.69703663 49.85194547 7.634703881
32.03092802 59.94679012 67.85754823
31.16915337 72.37149915 91.70710898
86.31094327 93.41007523 168.7155473
39.03053686 12.03190589 194.5556884
73.55991158 66.56540242 50.59675876
76.67982447 30.85990071 5.385107194
26.35779539 91.741239 94.60113323
72.7697555 90.61420412 124.2993538
70.51130969 79.4298122 34.30285123
4.859892863 36.83321062 44.04177158
33.90680728 94.82578582 170.3682685
27.7984922 68.78071079 172.607436
70.46056506 23.96181678 136.0115339
51.63712841 25.31541157 108.0408418
96.75983346 96.79432845 122.8933936
37.86777677 54.19470707 187.1036536
96.69309909 44.78297191 77.14558071
24.23554685 30.15618663 4.337612418
18.9689707 19.87288006 16.39958405
