// ================================================================================
// CHRONO WORKBENCH - github.com/Concrete-Chrono-Development/chrono-preprocessor
//
// Copyright (c) 2023 
// All rights reserved. 
//
// Use of the code that generated this file is governed by a BSD-style license that
// can be found in the LICENSE file at the top level of the distribution and at
// github.com/Concrete-Chrono-Development/chrono-preprocessor/blob/main/LICENSE
//
// ================================================================================
// Node Data File
// ================================================================================
//
// Data Structure:
// X Y Z 
//
// ================================================================================
0 63.37610245 158.7623749
0 58.45183563 167.43573
0 67.69041443 171.1430969
0 67.69041443 28.85690689
0 58.44549561 32.57985687
0 63.34441757 41.31557083
0 8.681430817 100
0 0 94.11764526
0 0 105.8823547
0 100 94.11764526
0 91.34371185 100
0 100 105.8823547
0 33.44975281 61.65802002
0 34.6096344 48.17795181
0 24.27915573 51.90268707
0 0 152.9411774
0 8.098029137 147.1199036
0 0 141.1764679
0 0 58.82352829
0 11.51791668 54.30516052
0 0 47.05882263
0 91.91278076 147.1320343
0 100 152.9411774
0 100 141.1764679
0 100 47.05882263
0 91.91278076 52.8679657
0 100 58.82352829
0 44.44444275 0
0 51.4377327 10.81035614
0 55.55555725 0
0 55.55555725 200
0 51.4377327 189.1896362
0 44.44444275 200
0 0 176.4705811
0 10.17682648 171.4558105
0 0 164.7058868
0 0 35.29411697
0 10.17004299 28.57830238
0 0 23.52941132
0 31.32332039 111.6668777
0 38.04403305 99.07175446
0 27.06311798 101.3142548
0 63.0202179 62.05506516
0 57.51558304 70.93389893
0 68.8923111 74.84095001
0 100 164.7058868
0 90.30047607 170.9559174
0 100 176.4705811
0 90.30047607 29.04408646
0 100 35.29411697
0 100 23.52941132
0 25.63071442 40.18779755
0 77.77777863 200
0 72.76138306 190.3780823
0 66.66666412 200
0 33.33333206 200
0 27.13708878 190.3312378
0 22.22222137 200
0 22.22222137 0
0 27.13708878 9.668762207
0 33.33333206 0
0 66.66666412 0
0 72.76138306 9.621917725
0 77.77777863 0
0 74.11608887 63.2207222
0 9.897830009 76.09591675
0 0 70.58823395
0 0 82.35294342
0 0 129.4117584
0 9.571543694 123.665596
0 0 117.6470566
0 90.41483307 76.289711
0 100 82.35294342
0 100 70.58823395
0 100 117.6470566
0 90.41483307 123.710289
0 100 129.4117584
0 33.55841064 153.6438446
0 23.29399109 147.6404419
0 24.74868393 160.2121277
0 71.81786346 115.730278
0 57.49208069 121.0610275
0 68.35966492 125.3271408
0 62.75547409 110.1497574
0 71.91069031 97.67917633
0 72.73171997 85.41105652
0 63.72389984 90.97699738
0 74.1267395 160.0728302
0 74.11782074 39.94120407
0 60.93873978 101.2685242
0 52.49461746 40.79892349
0 52.5253334 159.2836151
0 30.46155548 73.85668945
0 40.8963623 73.5847702
0 43.38178635 64.75933075
0 45.16082001 90.58345032
0 49.79702759 100.3023148
0 36.60584259 89.99340057
0 38.90641022 139.1990967
0 51.44734955 140.9895172
0 47.81232452 130.22435
0 52.62431717 111.0316086
0 0 200
0 9.554018021 190.3413239
0 0 188.2352905
0 11.11111069 200
0 100 200
0 90.44598389 190.3413239
0 88.8888855 200
0 100 188.2352905
0 100 0
0 90.44598389 9.658678055
0 100 11.76470566
0 88.8888855 0
0 0 11.76470566
0 9.554018021 9.658678055
0 0 0
0 11.11111069 0
0 51.96665955 60.99689865
0 60.376091 131.0741577
0 72.56887817 136.2786255
0 62.55155182 140.4138336
0 16.87240601 182.3559875
0 25.60779953 179.9356232
0 35.16032028 184.3940277
0 29.0550518 170.4399109
0 39.81947327 174.6139984
0 64.12832642 184.7123413
0 73.55686188 179.6896057
0 83.12825775 182.3655853
0 25.60779953 20.06437683
0 16.87240601 17.64400673
0 35.16032028 15.60597801
0 39.81947327 25.38600349
0 29.05177116 29.48100662
0 73.55686188 20.31039047
0 64.12832642 15.28766251
0 83.12825775 17.63441086
0 61.33211136 82.62425995
0 49.89077759 80.36699677
0 92.1283493 88.23529053
0 83.34567261 84.70345306
0 91.86685944 111.7307892
0 83.0814743 116.2089005
0 20.4870224 74.45181274
0 16.92256546 83.81159973
0 15.81224346 67.11969757
0 27.0330677 84.54398346
0 21.64361572 124.0840073
0 31.14194107 125.0768051
0 17.17783928 115.3842468
0 27.19158363 135.682785
0 16.37845802 132.4183655
0 78.81156921 75.44668579
0 83.71591949 67.37304688
0 78.66694641 124.2028351
0 83.64628601 132.4750977
0 8.257702827 88.2742157
0 8.141646385 111.6916733
0 42.67183685 55.08466339
0 50 49.76398087
0 76.73391724 52.31447983
0 67.349823 51.94206619
0 7.323432446 135.2941132
0 7.323432446 64.70587921
0 92.70198059 135.2941132
0 92.70198059 64.70587921
0 39.16044617 191.8324585
0 39.16044617 8.167538643
0 61.11111069 6.932126045
0 61.11111069 193.0678711
0 92.77494049 18.32625961
0 92.77494049 181.6737366
0 7.320650101 181.7718048
0 7.319293499 18.23502159
0 67.48940277 148.2494354
0 76.73391724 147.6855164
0 92.22379303 41.24287796
0 83.73902893 36.87034225
0 92.22379303 158.7571259
0 83.73902893 163.1296539
0 7.59481144 158.7743988
0 16.17922783 162.6455994
0 8.09766674 41.39775467
0 16.11274529 37.68872452
0 57.81177902 177.1262207
0 48.95204163 178.9199219
0 57.81124115 22.8751049
0 48.95204163 21.0800724
0 20.29374886 170.7851715
0 20.16359329 29.73303986
0 78.75696564 171.22612
0 78.75547791 28.77622414
0 81.90279388 93.64212036
0 80.34143066 105.9708099
0 19.36567688 93.91127014
0 18.62550545 105.6613846
0 22.79486847 61.28297424
0 17.74572372 192.5757141
0 82.24902344 192.5786438
0 17.74572372 7.424289703
0 82.24902344 7.421351433
0 58.64334106 148.3503876
0 50 150.2360229
0 58.26805115 51.61923981
0 34.89658737 163.7440643
0 43.47842026 164.5110321
0 34.85801315 36.21923828
0 43.47697067 35.48612595
0 50.17314529 170.315094
0 50.16664124 29.70101357
0 17.39067268 141.2200775
0 82.60839081 141.2613525
0 83.41178131 58.11420441
0 41.72298431 147.8892059
0 83.68985748 46.8918457
0 83.21816254 153.2955475
0 16.21756935 152.9354248
0 17.04115868 45.56486893
0 37.21378326 130.9299927
0 41.01666641 124.4669037
0 42.90600204 183.7900085
0 42.90600204 16.20998955
0 55.2027359 92.41564941
0 43.25783157 44.19971466
0 69.81391907 106.3439026
0 43.04212952 156.3831482
0 48.73023605 70.12837982
0 36.49972153 118.812149
0 43.40569305 115.4672394
0 48.6711731 120.9050827
0 43.03887939 107.5079575
0 29.4198494 93.10932159
0 37.32947159 81.83639526
0 32.51548386 145.1925201
100 67.69041443 171.1430969
100 58.45183563 167.43573
100 63.37610245 158.7623749
100 63.34441757 41.31557083
100 58.44549561 32.57985687
100 67.69041443 28.85690689
100 0 94.11764526
100 8.681430817 100
100 0 105.8823547
100 100 105.8823547
100 91.34371185 100
100 100 94.11764526
100 34.6096344 48.17795181
100 33.44975281 61.65802002
100 24.27915573 51.90268707
100 0 141.1764679
100 8.098029137 147.1199036
100 0 152.9411774
100 0 47.05882263
100 11.51791668 54.30516052
100 0 58.82352829
100 100 152.9411774
100 91.91278076 147.1320343
100 100 141.1764679
100 91.91278076 52.8679657
100 100 47.05882263
100 100 58.82352829
100 51.4377327 10.81035614
100 44.44444275 0
100 55.55555725 0
100 44.44444275 200
100 51.4377327 189.1896362
100 55.55555725 200
100 0 164.7058868
100 10.17682648 171.4558105
100 0 176.4705811
100 0 23.52941132
100 10.17004299 28.57830238
100 0 35.29411697
100 31.32332039 111.6668777
100 27.06311798 101.3142548
100 38.04403305 99.07175446
100 68.8923111 74.84095001
100 57.51558304 70.93389893
100 63.0202179 62.05506516
100 100 164.7058868
100 100 176.4705811
100 90.30047607 170.9559174
100 100 35.29411697
100 90.30047607 29.04408646
100 100 23.52941132
100 25.63071442 40.18779755
100 66.66666412 200
100 72.76138306 190.3780823
100 77.77777863 200
100 27.13708878 190.3312378
100 33.33333206 200
100 22.22222137 200
100 33.33333206 0
100 27.13708878 9.668762207
100 22.22222137 0
100 72.76138306 9.621917725
100 66.66666412 0
100 77.77777863 0
100 74.11608887 63.2207222
100 0 70.58823395
100 9.897830009 76.09591675
100 0 82.35294342
100 0 117.6470566
100 9.571543694 123.665596
100 0 129.4117584
100 100 82.35294342
100 90.41483307 76.289711
100 100 70.58823395
100 90.41483307 123.710289
100 100 117.6470566
100 100 129.4117584
100 24.74868393 160.2121277
100 23.29399109 147.6404419
100 33.55841064 153.6438446
100 71.81786346 115.730278
100 68.35966492 125.3271408
100 57.49208069 121.0610275
100 62.75547409 110.1497574
100 63.72389984 90.97699738
100 72.73171997 85.41105652
100 71.91069031 97.67917633
100 74.1267395 160.0728302
100 74.11782074 39.94120407
100 60.93873978 101.2685242
100 52.49461746 40.79892349
100 52.5253334 159.2836151
100 40.8963623 73.5847702
100 30.46155548 73.85668945
100 43.38178635 64.75933075
100 45.16082001 90.58345032
100 49.79702759 100.3023148
100 36.60584259 89.99340057
100 47.81232452 130.22435
100 51.44734955 140.9895172
100 38.90641022 139.1990967
100 52.62431717 111.0316086
100 9.554018021 190.3413239
100 0 200
100 0 188.2352905
100 11.11111069 200
100 90.44598389 190.3413239
100 100 200
100 88.8888855 200
100 100 188.2352905
100 90.44598389 9.658678055
100 100 0
100 100 11.76470566
100 88.8888855 0
100 0 0
100 9.554018021 9.658678055
100 0 11.76470566
100 11.11111069 0
100 51.96665955 60.99689865
100 60.376091 131.0741577
100 72.56887817 136.2786255
100 62.55155182 140.4138336
100 16.87240601 182.3559875
100 25.60779953 179.9356232
100 35.16032028 184.3940277
100 29.0550518 170.4399109
100 39.81947327 174.6139984
100 73.55686188 179.6896057
100 64.12832642 184.7123413
100 83.12825775 182.3655853
100 16.87240601 17.64400673
100 25.60779953 20.06437683
100 35.16032028 15.60597801
100 29.05177116 29.48100662
100 39.81947327 25.38600349
100 64.12832642 15.28766251
100 73.55686188 20.31039047
100 83.12825775 17.63441086
100 61.33211136 82.62425995
100 49.89077759 80.36699677
100 92.1283493 88.23529053
100 83.34567261 84.70345306
100 91.86685944 111.7307892
100 83.0814743 116.2089005
100 16.92256546 83.81159973
100 20.4870224 74.45181274
100 15.81224346 67.11969757
100 27.0330677 84.54398346
100 31.14194107 125.0768051
100 21.64361572 124.0840073
100 17.17783928 115.3842468
100 27.19158363 135.682785
100 16.37845802 132.4183655
100 78.81156921 75.44668579
100 83.71591949 67.37304688
100 78.66694641 124.2028351
100 83.64628601 132.4750977
100 8.257702827 88.2742157
100 8.141646385 111.6916733
100 42.67183685 55.08466339
100 50 49.76398087
100 67.349823 51.94206619
100 76.73391724 52.31447983
100 7.323432446 135.2941132
100 7.323432446 64.70587921
100 92.70198059 135.2941132
100 92.70198059 64.70587921
100 39.16044617 191.8324585
100 39.16044617 8.167538643
100 61.11111069 6.932126045
100 61.11111069 193.0678711
100 92.77494049 18.32625961
100 92.77494049 181.6737366
100 7.320650101 181.7718048
100 7.319293499 18.23502159
100 76.73391724 147.6855164
100 67.48940277 148.2494354
100 92.22379303 41.24287796
100 83.73902893 36.87034225
100 92.22379303 158.7571259
100 83.73902893 163.1296539
100 7.59481144 158.7743988
100 16.17922783 162.6455994
100 8.09766674 41.39775467
100 16.11274529 37.68872452
100 57.81177902 177.1262207
100 48.95204163 178.9199219
100 57.81124115 22.8751049
100 48.95204163 21.0800724
100 20.29374886 170.7851715
100 20.16359329 29.73303986
100 78.75696564 171.22612
100 78.75547791 28.77622414
100 81.90279388 93.64212036
100 80.34143066 105.9708099
100 19.36567688 93.91127014
100 18.62550545 105.6613846
100 22.79486847 61.28297424
100 17.74572372 192.5757141
100 17.74572372 7.424289703
100 82.24902344 192.5786438
100 82.24902344 7.421351433
100 50 150.2360229
100 58.64334106 148.3503876
100 58.26805115 51.61923981
100 34.89658737 163.7440643
100 43.47842026 164.5110321
100 34.85801315 36.21923828
100 43.47697067 35.48612595
100 50.17314529 170.315094
100 50.16664124 29.70101357
100 17.39067268 141.2200775
100 82.60839081 141.2613525
100 83.41178131 58.11420441
100 41.72298431 147.8892059
100 83.68985748 46.8918457
100 83.21816254 153.2955475
100 16.21756935 152.9354248
100 17.04115868 45.56486893
100 37.21378326 130.9299927
100 41.01666641 124.4669037
100 42.90600204 183.7900085
100 42.90600204 16.20998955
100 55.2027359 92.41564941
100 43.25783157 44.19971466
100 69.81391907 106.3439026
100 43.04212952 156.3831482
100 48.73023605 70.12837982
100 36.49972153 118.812149
100 43.40569305 115.4672394
100 48.6711731 120.9050827
100 43.03887939 107.5079575
100 29.4198494 93.10932159
100 37.32947159 81.83639526
100 32.51548386 145.1925201
58.44549561 0 167.4201508
63.34441757 0 158.684433
67.69041443 0 171.1430969
67.69041443 0 28.85690689
63.34441757 0 41.31557083
58.44549561 0 32.57985687
8.681430817 0 100
91.34371185 0 100
33.4240303 0 138.484848
34.6096344 0 151.822052
24.27915573 0 148.0973206
24.27915573 0 51.90268707
34.6096344 0 48.17795181
33.44975281 0 61.65802002
11.51791668 0 145.6948395
11.51791668 0 54.30516052
91.91278076 0 147.1320343
91.91278076 0 52.8679657
51.4377327 0 10.81035614
44.44444275 0 0
55.55555725 0 0
44.44444275 0 200
51.4377327 0 189.1896362
55.55555725 0 200
10.17004299 0 171.4216919
10.17004299 0 28.57830238
57.51558304 0 129.0661011
68.34159088 0 126.0072403
62.80968857 0 138.6353149
62.74074554 0 61.30749893
67.76248932 0 73.51244354
57.51558304 0 70.93389893
90.30047607 0 170.9559174
90.30047607 0 29.04408646
25.63071442 0 159.8122101
25.63071442 0 40.18779755
27.13708878 0 9.668762207
22.22222137 0 0
33.33333206 0 0
77.77777863 0 0
72.76138306 0 9.621917725
66.66666412 0 0
66.66666412 0 200
72.76138306 0 190.3780823
77.77777863 0 200
22.22222137 0 200
27.13708878 0 190.3312378
33.33333206 0 200
73.83867645 0 136.9441071
73.79144287 0 63.01671219
9.897830009 0 76.09591675
9.864405632 0 123.7737808
90.31856537 0 123.7554321
90.41483307 0 76.289711
25.38177872 0 112.3617783
28.15787697 0 102.2968063
35.94401932 0 109.3602142
64.90956879 0 90.69097137
74.82754517 0 87.6220932
71.96302032 0 97.71416473
74.11782074 0 160.0587921
74.11782074 0 39.94120407
61.65550613 0 100.7571411
39.22257233 0 99.2396698
52.49461746 0 159.2010803
52.49461746 0 40.79892349
40.10065842 0 126.0495453
30.20944214 0 127.5433426
43.38178635 0 135.2406616
40.8971138 0 73.58509064
30.46155548 0 73.85668945
43.38178635 0 64.75933075
45.5126152 0 108.5844498
50.10944366 0 100
44.51488876 0 90.70703125
36.34394073 0 89.91135406
9.554018021 0 190.3413239
11.11111069 0 200
90.44598389 0 190.3413239
88.8888855 0 200
9.554018021 0 9.658678055
11.11111069 0 0
90.44598389 0 9.658678055
88.8888855 0 0
51.93658447 0 139.1017303
51.92673492 0 60.89010239
73.55686188 0 179.6896057
64.12832642 0 184.7123413
83.12825775 0 182.3655853
25.60779953 0 179.9356232
16.87240601 0 182.3559875
35.16032028 0 184.3940277
29.05177116 0 170.5189972
39.81947327 0 174.6139984
16.87240601 0 17.64400673
25.60779953 0 20.06437683
35.16032028 0 15.60597801
39.81947327 0 25.38600349
29.05177116 0 29.48100662
73.55686188 0 20.31039047
64.12832642 0 15.28766251
83.12825775 0 17.63441086
60.22693634 0 81.2469101
49.89961624 0 80.37084961
60.81067657 0 118.2836533
50.37611389 0 119.3249054
72.28546143 0 115.6032791
63.40010452 0 109.9448166
92.1283493 0 88.23529053
83.34567261 0 84.70345306
91.75765991 0 111.7217636
83.10197449 0 116.2384796
16.92256546 0 83.81159973
20.48078537 0 74.44985199
15.81224346 0 67.11969757
26.99565315 0 84.53226471
21.81503296 0 123.9031525
16.68859482 0 115.276268
15.81224346 0 132.8803101
77.43360138 0 76.52887726
83.71591949 0 67.37304688
78.66694641 0 124.2028351
83.71591949 0 132.6269531
8.257702827 0 88.2742157
7.862288952 0 111.7647095
42.66519547 0 144.9440918
50 0 150.2360229
42.66708374 0 55.07194901
50 0 49.76398087
67.349823 0 51.94206619
76.73391724 0 52.31447983
67.349823 0 148.0579376
76.73391724 0 147.6855164
7.323432446 0 135.2941132
7.323432446 0 64.70587921
92.70198059 0 135.2941132
92.70198059 0 64.70587921
39.16044617 0 191.8324585
61.11111069 0 193.0678711
39.16044617 0 8.167538643
61.11111069 0 6.932126045
92.77494049 0 181.6737366
92.77494049 0 18.32625961
7.319293499 0 181.7649841
7.319293499 0 18.23502159
92.22379303 0 158.7571259
83.73902893 0 163.1296539
92.22379303 0 41.24287796
83.73902893 0 36.87034225
8.09766674 0 158.6022491
16.11274529 0 162.3112793
8.09766674 0 41.39775467
16.11274529 0 37.68872452
57.81124115 0 177.1248932
48.95204163 0 178.9199219
57.81124115 0 22.8751049
48.95204163 0 21.0800724
20.16359329 0 170.2669525
20.16359329 0 29.73303986
78.75547791 0 171.2237701
78.75547791 0 28.77622414
82.58518219 0 94.10548401
80.53809357 0 106.0475998
19.51672554 0 94.0499649
17.71478271 0 105.958252
22.79486847 0 138.7170258
22.79486847 0 61.28297424
17.74572372 0 192.5757141
82.24902344 0 192.5786438
17.74572372 0 7.424289703
82.24902344 0 7.421351433
58.24758911 0 148.4478607
58.2408905 0 51.5465889
34.85801315 0 163.7807617
43.47697067 0 164.5138702
34.85801315 0 36.21923828
43.47697067 0 35.48612595
50.16664124 0 170.2989807
50.16664124 0 29.70101357
83.37876129 0 141.905426
83.1546402 0 58.27526855
83.64699554 0 46.91868973
83.68434906 0 153.1114197
17.04115868 0 154.4351349
17.04115868 0 45.56486893
42.90600204 0 183.7900085
42.90600204 0 16.20998955
55.22476959 0 91.36791229
55.29006958 0 108.7115936
43.25704193 0 155.8037109
43.257267 0 44.19820023
48.66214752 0 129.7565918
48.72416687 0 70.10785675
69.0320282 0 81.92025757
70.45223999 0 106.6086884
29.86806679 0 93.74981689
32.60601425 0 119.3359375
37.24991226 0 81.8392868
40.90788651 0 116.5310135
58.4503746 100 167.4334564
67.6891861 100 171.1376343
63.37104797 100 158.7585602
61.60762787 100 41.94740295
67.6891861 100 28.86237144
58.16901398 100 32.37540817
91.318573 100 100
8.656285286 100 100
91.90196991 100 147.1199036
88.56647491 100 54.32556152
8.087219238 100 147.1320343
8.087219238 100 52.8679657
44.44444275 100 0
51.43780136 100 10.8105135
55.55555725 100 0
55.55555725 100 200
51.43780136 100 189.1894836
44.44444275 100 200
89.82898712 100 171.4642487
89.82898712 100 28.53575325
63.8865242 100 90.74728394
60.40434265 100 99.7718277
71.75895691 100 98.79840851
68.67668152 100 111.6668777
31.1076889 100 74.84095001
42.48441696 100 70.93389893
36.84235382 100 62.48970413
10.17363262 100 171.470108
10.17543411 100 28.53252602
22.22222137 100 0
27.13699341 100 9.667391777
33.33333206 100 0
66.66666412 100 0
72.7612915 100 9.623288155
77.77777863 100 0
33.33333206 100 200
27.13699341 100 190.3326111
22.22222137 100 200
77.77777863 100 200
72.7612915 100 190.376709
66.66666412 100 200
59.66729355 100 54.28474808
50 100 49.76398087
57.15884399 100 64.42230988
68.30371857 100 62.08375549
26.01011658 100 63.35845947
33.53863525 100 46.51863861
24.73797989 100 39.79457474
23.26608467 100 52.31447983
90.42845917 100 123.665596
90.13559723 100 76.22621918
9.585169792 100 123.710289
9.585169792 100 76.289711
33.54483414 100 153.6532135
23.26608467 100 147.6855164
24.7335434 100 160.232254
31.64033127 100 125.3271408
42.50791931 100 121.0610275
28.18213654 100 115.730278
37.24452591 100 110.1497574
74.57611847 100 87.83867645
27.26827812 100 85.41105652
28.08930588 100 97.67917633
36.27610016 100 90.97699738
74.2385025 100 159.760849
74.30827332 100 40.56151962
39.06126022 100 101.2685242
52.42626953 100 159.7162476
51.09038162 100 39.01919937
59.7552948 100 74.24053955
69.79055786 100 72.45665741
54.42939758 100 91.31336975
50.20297241 100 100.3023148
52.18767548 100 130.22435
48.44249725 100 140.9760437
60.4024086 100 139.1395569
47.37568283 100 111.0316086
90.44598389 100 9.658678055
88.8888855 100 0
90.44598389 100 190.3413239
88.8888855 100 200
9.554018021 100 9.658678055
11.11111069 100 0
9.554018021 100 190.3413239
11.11111069 100 200
48.40189743 100 60.89304733
39.61465073 100 131.0500946
27.3005352 100 135.9861603
37.47573471 100 140.1649475
73.55565643 100 179.6790619
64.12832642 100 184.7123413
83.12759399 100 182.3559875
16.87174225 100 182.3655853
25.60779953 100 179.9356232
35.16032028 100 184.3940277
39.81947327 100 174.6139984
29.0534668 100 170.4422455
64.12832642 100 15.28766251
73.55565643 100 20.32093811
83.12759399 100 17.64400673
16.87174225 100 17.63441086
25.60779953 100 20.06437683
35.16032028 100 15.60597801
29.06319427 100 29.56934357
39.81947327 100 25.38600349
38.56736755 100 82.6698761
49.50609207 100 80.64070129
7.871649265 100 88.23529053
16.65432739 100 84.70345306
8.133141518 100 111.7307892
16.9185257 100 116.2089005
78.30945587 100 76.04898834
83.311409 100 84.72373199
84.1877594 100 67.11969757
68.85805511 100 125.0768051
78.4339447 100 124.1242676
82.82215881 100 115.3842468
72.75650787 100 136.2272186
83.62154388 100 132.4183655
21.20345116 100 75.46308136
16.28408432 100 67.37304688
21.33305359 100 124.2028351
16.35371208 100 132.4750977
92.13771057 100 88.23529053
91.85835266 100 111.6916733
92.67656708 100 135.2941132
92.67656708 100 64.70587921
7.298018456 100 135.2941132
7.298018456 100 64.70587921
39.16044235 100 191.8326111
61.11111069 100 193.0678711
39.16044235 100 8.167394638
61.11111069 100 6.932126045
7.320239067 100 18.22394562
7.319878578 100 181.7765808
92.68051147 100 181.7734833
92.68051147 100 18.226511
67.46524048 100 148.2386932
76.70600891 100 147.6404419
7.592349052 100 158.7794037
16.16722107 100 162.6699219
7.593530655 100 41.22232056
16.1848774 100 37.35583115
92.40899658 100 158.7799377
83.87771606 100 162.7282562
91.90861511 100 41.3604126
83.87771606 100 37.27173996
57.8118782 100 177.1247864
48.95209885 100 178.9197235
58.11181641 100 22.78281403
48.95209885 100 21.08027267
78.73123169 100 28.86605453
78.71960449 100 171.1876678
20.28870964 100 170.8039551
20.29271126 100 29.20400047
18.09720612 100 93.64212036
19.65856934 100 105.9708099
82.48679352 100 94.32027435
81.48691559 100 105.3102417
77.20513153 100 61.28297424
76.66604614 100 52.13118744
82.24898529 100 192.5780792
82.24898529 100 7.421922684
17.74568558 100 7.423718929
17.74568558 100 192.5762787
49.18119049 100 150.4590454
58.17473221 100 148.6535797
34.89238358 100 163.7408447
43.47806168 100 164.510437
34.87240601 100 36.27225494
43.36326599 100 35.55960464
50.15636063 100 170.3864441
49.89040756 100 29.62596512
82.60932922 100 141.2200775
17.39160919 100 141.2613525
16.8284893 100 58.30432892
40.63955688 100 52.99690628
41.17937851 100 147.8938904
16.11636353 100 46.97658539
16.20633698 100 152.960083
83.1750412 100 153.2640228
83.11911774 100 45.91664124
62.63759613 100 131.0269623
58.98333359 100 124.4669037
68.11058807 100 50.20172119
42.25070572 100 43.35509872
42.90602493 100 183.7899628
42.90602493 100 16.21003151
44.71684647 100 92.18486023
32.05934906 100 55.5356369
30.18608284 100 106.3439026
43.16313171 100 156.3197937
51.46131134 100 70.22609711
63.50027847 100 118.812149
56.59430695 100 115.4672394
51.3288269 100 120.9050827
55.93645859 100 107.2963943
31.84482956 100 145.7643738
67.35546875 100 80.75576019
58.98655701 100 83.53952789
70.83333588 29.16666603 0
58.33800507 37.504673 0
68.15336609 41.19087982 0
23.41567421 50.08013916 0
33.51977158 52.66268158 0
30.40656471 41.89034271 0
89.11595154 48.04151535 0
50 89.97059631 0
10.84821415 48.53741455 0
50 9.853946686 0
27.37030983 59.66556931 0
65.49312592 17.31843567 0
59.06357574 25.66874695 0
72.67136383 90.53507233 0
90.46691895 72.86053467 0
9.479985237 72.75324249 0
72.94776917 9.776457787 0
90.62007141 27.53481293 0
27.45573807 90.5333786 0
27.14618111 9.530610085 0
9.379674911 27.53492355 0
59.22419739 47.86450958 0
52.45164871 59.42064285 0
57.73570251 67.46987152 0
64.2526474 56.58068848 0
49.61970901 49.8347702 0
90.47898102 90.47898102 0
90.47898102 9.521016121 0
8.854487419 91.14551544 0
9.521016121 9.521016121 0
79.31080627 72.0942688 0
83.27991486 83.27991486 0
84.38518524 64.88247681 0
70.83333588 70.83333588 0
74.44416046 60.52062225 0
74.54857635 20.10526657 0
83.27991486 16.72008514 0
16.72008514 83.27991486 0
20.14797783 73.54786682 0
15.24312592 64.13145447 0
16.72008514 16.72008514 0
25.76094437 20.12580872 0
35.16453934 15.5975008 0
39.29558945 25.59314156 0
28.92490959 30.50901794 0
72.45531464 80.18874359 0
65.34203339 84.54773712 0
27.84898567 79.86248779 0
35.54769897 84.5358429 0
39.80848312 74.56535339 0
29.16666603 70.83333588 0
80.47252655 28.52293205 0
85.14273834 36.10122299 0
19.53283119 28.75270653 0
14.8555088 36.10199738 0
50 21.49470901 0
51.5579071 30.85955048 0
43.67754745 35.55351257 0
40.8999939 44.52096558 0
51.51591492 78.11539459 0
62.74695206 75.72483063 0
93.09160614 38.88888931 0
38.98214722 92.52844238 0
38.94007111 7.472885609 0
6.908397675 38.88888931 0
91.86022186 60.78403473 0
61.04937744 91.98942566 0
7.748788357 60.84666824 0
61.09593582 8.785149574 0
50.34017944 41.19740295 0
34.75247192 64.20648956 0
43.58179092 64.40519714 0
78.95317841 50.80887222 0
70.11508179 49.8973999 0
42.47089767 55.84179306 0
92.84516144 82.65721893 0
82.61938477 92.85879517 0
7.111358643 82.56840515 0
92.87579346 17.4218502 0
17.27272987 92.99176025 0
17.34412384 7.154342175 0
7.124155521 17.42187119 0
82.67466736 7.203511715 0
49.52326202 69.68484497 0
78.41052246 41.50953674 0
21.55586243 41.52441025 0
35.71961975 35.12374115 0
43.61983109 84.08752441 0
43.57458878 15.84965897 0
57.1305275 16.62419701 0
58.13085556 84.06959534 0
83.89065552 56.69464111 0
17.29953194 57.56790924 0
65.72402191 65.46910858 0
22.59667969 65.866745 0
58.33800507 37.504673 200
70.83333588 29.16666603 200
68.15336609 41.19087982 200
33.51977158 52.66268158 200
23.41567421 50.08013916 200
30.40656471 41.89034271 200
50 89.97059631 200
89.11595154 48.04151535 200
10.84821415 48.53741455 200
50 9.853946686 200
27.37030983 59.66556931 200
65.49312592 17.31843567 200
59.06357574 25.66874695 200
72.67136383 90.53507233 200
90.46691895 72.86053467 200
9.479985237 72.75324249 200
72.94776917 9.776457787 200
90.62007141 27.53481293 200
27.45573807 90.5333786 200
27.14618111 9.530610085 200
9.379674911 27.53492355 200
59.22419739 47.86450958 200
64.2526474 56.58068848 200
57.73570251 67.46987152 200
52.45164871 59.42064285 200
49.61970901 49.8347702 200
90.47898102 90.47898102 200
90.47898102 9.521016121 200
8.854487419 91.14551544 200
9.521016121 9.521016121 200
83.27991486 83.27991486 200
79.31080627 72.0942688 200
84.38518524 64.88247681 200
74.44416046 60.52062225 200
70.83333588 70.83333588 200
74.54857635 20.10526657 200
83.27991486 16.72008514 200
20.14797783 73.54786682 200
16.72008514 83.27991486 200
15.24312592 64.13145447 200
25.76094437 20.12580872 200
16.72008514 16.72008514 200
35.16453934 15.5975008 200
39.29558945 25.59314156 200
28.92490959 30.50901794 200
72.45531464 80.18874359 200
65.34203339 84.54773712 200
27.84898567 79.86248779 200
35.54769897 84.5358429 200
29.16666603 70.83333588 200
39.80848312 74.56535339 200
80.47252655 28.52293205 200
85.14273834 36.10122299 200
19.53283119 28.75270653 200
14.8555088 36.10199738 200
50 21.49470901 200
51.5579071 30.85955048 200
43.67754745 35.55351257 200
40.8999939 44.52096558 200
51.51591492 78.11539459 200
62.74695206 75.72483063 200
38.98214722 92.52844238 200
93.09160614 38.88888931 200
38.94007111 7.472885609 200
6.908397675 38.88888931 200
91.86022186 60.78403473 200
61.04937744 91.98942566 200
7.748788357 60.84666824 200
61.09593582 8.785149574 200
50.34017944 41.19740295 200
34.75247192 64.20648956 200
43.58179092 64.40519714 200
70.11508179 49.8973999 200
78.95317841 50.80887222 200
42.47089767 55.84179306 200
92.84516144 82.65721893 200
82.61938477 92.85879517 200
7.111358643 82.56840515 200
92.87579346 17.4218502 200
17.27272987 92.99176025 200
17.34412384 7.154342175 200
7.124155521 17.42187119 200
82.67466736 7.203511715 200
49.52326202 69.68484497 200
78.41052246 41.50953674 200
21.55586243 41.52441025 200
35.71961975 35.12374115 200
43.61983109 84.08752441 200
43.57458878 15.84965897 200
57.1305275 16.62419701 200
58.13085556 84.06959534 200
83.89065552 56.69464111 200
17.29953194 57.56790924 200
65.72402191 65.46910858 200
22.59667969 65.866745 200
52.98938355 71.19916035 163.1052459
24.89547752 69.85765829 157.9959115
10.43594284 51.82337997 190.4669454
17.08636689 77.47926103 132.7646689
53.44444239 50.21097203 116.8877097
10.75591697 49.83140647 95.79595674
33.28106618 63.68908043 169.3805829
50.89539455 75.1590858 105.9867351
57.8619955 13.8383078 179.6566337
84.3406224 23.98805275 157.8199052
9.081365534 11.71934216 141.9543848
36.20728802 8.771090155 118.1452087
68.23763531 28.06787893 73.39696042
88.36989061 14.96707097 10.28329973
59.58571364 20.15065724 133.4393591
36.67044989 72.39184302 133.7864269
27.19714583 51.85580288 112.4349473
37.10158398 80.06876266 58.06206319
26.37590076 32.42139699 109.5439873
30.93046412 78.70624279 117.6208332
81.90644526 22.1144536 93.29212183
57.37408781 24.05780795 107.0391115
18.74797283 51.29551631 156.1248652
11.83124637 14.46633029 30.11353393
72.51390486 54.64940054 31.35817937
73.60941978 89.57261248 183.2176024
60.83883365 91.03395015 122.5973572
76.60004739 63.32293319 64.81691163
72.23863592 36.02214252 114.7401721
19.83375407 8.776976486 98.36596264
68.09228439 69.38158259 88.53853167
32.90246828 66.88683523 51.52832616
46.16573133 46.34184648 51.03342819
52.38022768 65.29290905 82.4549506
56.44541116 39.88037797 44.08992807
15.03694478 57.90727105 28.82828191
47.34394098 65.38647803 51.48909837
73.62223472 64.44060019 190.6110565
73.11152946 60.0373987 52.50695425
24.51115175 15.79874816 12.6031819
21.59512938 63.72807426 62.77920898
15.88199867 70.55128841 45.99337002
10.30951018 52.96692048 129.126744
61.41775539 9.828665955 72.15470723
28.628397 66.25120478 110.8127785
63.95029186 61.49969316 13.36326034
61.56045713 73.69216414 114.1771681
52.59334779 26.09929265 71.75501829
10.22911596 58.23068446 9.673930653
56.5640805 58.87734179 42.62402201
36.13544681 34.51360963 163.6206171
80.11331173 41.73646344 68.61977362
84.10952631 29.10750313 39.63674812
11.76605344 29.83433678 73.09551609
20.60557996 19.0374117 176.6540945
42.98261436 63.63971562 100.4134348
47.51639915 39.4708773 104.5804107
33.98991823 66.98232851 181.8806369
69.47129853 19.21956156 8.944686123
52.99405137 87.48659079 137.5178064
79.91434882 68.57498113 132.4479008
61.86361036 76.43732645 183.1178131
21.51538715 13.01241979 61.76454777
9.711189388 40.6240277 64.72699957
88.9403174 87.45439268 38.90018524
14.51277138 89.53530906 74.12894137
44.86888396 15.31903086 34.11939772
35.53246861 46.9351569 59.28019936
44.44880229 23.08763468 183.356179
8.308442241 69.44906124 84.14495531
54.56387676 25.54601418 54.2772668
63.89185048 43.26994831 173.83834
19.80626258 91.77161912 155.6294403
10.34176324 68.96487932 159.4548769
12.10600402 31.54767818 185.9821635
68.34303706 91.56807536 23.2111
9.403336516 24.95810128 94.21918491
61.06258689 33.64139223 92.56669419
29.83829551 13.80473678 28.06184431
50.63377367 82.8033254 169.8658814
67.04289427 12.55050052 117.2461063
48.56423525 8.173383714 63.43808227
44.14103919 21.91155792 127.9125971
42.49616069 15.78569637 71.03493455
22.92559993 13.80221786 78.17328594
21.09853143 14.24430376 125.4698588
53.46323752 8.459502233 114.5801839
10.40795749 31.39070347 38.41258946
68.07121549 85.08291022 164.532319
35.53975086 80.43727361 10.91686883
16.78861959 45.51654945 173.8844198
26.54741123 54.40306323 136.8262059
9.633379373 91.15700283 130.4616995
46.46298158 71.3304664 148.4674108
25.59537254 63.16134443 24.02953316
34.41949157 38.86631123 182.5048959
10.65235208 20.59144513 120.3184715
65.48825657 89.35489252 55.20273052
74.22052166 75.13194037 78.12651543
64.59548007 68.32878546 170.7631486
36.41878282 65.05083325 37.29312602
10.21192052 14.86943012 74.8064261
7.404420417 63.69206473 97.44838718
85.26066265 86.00655173 82.24679126
84.39526817 23.63833992 116.5844284
86.34980549 63.11258671 72.21906845
86.53337425 15.57778239 60.36434693
18.73746996 70.60683518 78.3978828
10.82848035 29.26238716 110.6215108
73.39781065 18.18736963 41.61929971
59.68495199 67.38902726 136.6239392
17.83464845 26.3549378 50.52315399
46.79919564 73.31141441 62.62647487
83.28398741 75.6512448 14.02739423
63.24639168 55.2440469 60.8903271
20.78476251 57.98272885 51.03200967
31.74311689 90.55286881 130.0889468
63.03538845 91.23359291 12.58874839
87.87247185 11.27175358 74.85166908
34.94512557 87.89512459 81.07864474
19.74264759 86.76206667 179.6176397
21.87608926 79.94350805 59.57641792
56.43845703 62.88595786 119.3966699
69.01926948 85.46029758 41.33130368
66.41234464 10.08900417 99.00648964
41.25235687 51.82701889 142.3149379
28.58576256 48.57949259 177.2592914
21.08210306 32.75534242 137.5645568
81.65769196 83.89717283 132.2985556
61.35335623 56.06274934 94.46710165
40.6445131 53.35838556 159.9865485
66.81529897 22.43478428 87.86194407
73.47358102 44.9962474 22.36821525
80.49514229 64.85236355 115.7590557
72.80693368 9.739296946 65.4130982
72.86732318 57.32374182 95.87067223
32.16153466 26.59613884 30.24497333
73.57965633 82.64712768 86.92652099
51.4339318 52.3621583 67.86950096
44.63458108 46.26678077 9.291571895
66.7492206 51.29644086 163.0940499
89.48577197 15.74173761 147.1635301
68.72356975 20.53459723 184.9970027
88.51376928 89.50828528 110.7403997
11.79581768 40.25956008 22.69546567
11.49361761 75.23230396 98.43746632
13.06689438 12.05977372 88.38926144
64.87239758 40.6361939 75.7571917
83.66685802 77.35119043 169.4869877
54.94120174 39.37787074 182.7206128
75.87569521 49.3593671 180.4164291
73.363207 48.69790467 153.3027252
65.37810753 26.7446119 118.7758277
32.81667659 6.511712089 41.64060114
19.62251897 54.78406543 78.21440929
61.38448871 48.67082223 141.4280018
83.32276825 88.79178401 17.25848297
38.37936646 31.3766943 85.3955234
23.6777046 52.20582217 36.76106134
81.80717501 66.45356868 24.65889861
79.0097459 7.636836125 141.4498704
17.21217988 73.39021032 190.617566
48.39693973 23.37907979 20.18330967
41.21077294 60.1671155 17.95641908
44.61151959 17.97762974 107.5590721
9.859034897 70.39286156 14.32296296
75.72799852 92.06168521 151.4760269
72.38203947 8.165180026 182.7550568
81.47066324 86.66032606 143.6654496
24.25938424 30.76200544 180.50191
10.68614004 38.98431668 120.3991914
92.45902187 32.96024341 94.26018918
92.44444983 87.58273886 142.2630172
45.15602609 91.04934561 23.62476948
19.15068104 80.65117773 91.16197069
14.01089625 10.25979931 169.444689
9.379269003 64.87931474 62.13619692
74.94729457 17.90771255 150.578952
88.36487061 8.641614747 191.0042736
94.59943002 82.98469335 175.6787673
71.47205521 14.71288227 77.21552208
47.06143591 27.79742526 161.9668207
49.89197421 31.53680569 38.56742684
59.57444224 80.8305114 34.59924438
8.159402191 12.85664214 47.77690806
38.96789893 63.30381692 78.58780691
35.52770846 28.21863553 152.1554156
48.658787 90.43193593 82.22214218
19.97209224 22.76263848 33.68585916
64.27089957 69.93881506 46.15878966
87.24159017 51.82632796 72.23218685
39.30728219 33.6925449 123.2515136
43.34003555 18.81335989 172.6585516
35.71862123 38.84958478 49.07235092
17.03639194 43.452448 35.90089276
21.54261779 41.31468254 53.76599081
56.3227068 62.09680781 152.9190925
49.04773281 71.21385642 187.3131347
47.91073202 10.40306518 94.72712185
92.52766051 64.33850553 25.89680985
34.61783814 48.99466718 121.7540154
10.48470533 63.22234118 108.6213478
83.95889212 55.85228399 167.0784806
37.10286089 38.58342896 36.17493379
15.09332147 81.03036418 107.9982152
20.20484741 20.43678679 161.1644738
81.25934276 27.54927674 27.35089954
20.59873193 82.11092616 164.5325726
78.04904043 92.58661494 66.89164671
41.52778939 32.49519336 22.07828134
11.28690874 50.33025415 108.9116596
8.819750421 24.0744716 9.106721808
46.24250309 90.31537898 48.8963303
29.62194555 45.15965316 89.72896248
90.84167697 34.718122 176.7462469
10.27506171 36.80413436 133.2406442
82.43765074 31.86070477 133.1710251
37.98938158 13.44150801 137.0768689
83.32355188 45.40627635 56.22575565
82.48962735 56.32205489 40.56941719
55.68117643 31.49367222 29.10611722
19.92722 78.083308 25.182098
50.1075682 41.47706473 162.226365
91.16672808 8.705906624 46.50440124
80.08773115 73.57211517 60.09083851
52.66125919 87.02351085 102.3287785
64.40028245 36.53435841 53.17670211
72.66399672 47.3622838 41.13674613
91.66848181 44.44428013 135.0788424
91.8208358 48.67558423 189.9854913
44.15307532 36.87447112 70.46073208
91.69328675 61.07990712 149.2183075
49.90357235 91.1551294 116.1453286
32.98150633 9.607914533 91.88792891
91.43353801 57.42733716 159.0321693
65.21696066 51.48710758 130.7838796
34.35875485 87.80542495 191.0032301
83.78054644 47.12647559 19.48148236
33.82414309 88.89265004 93.94965218
8.759735307 10.89939526 8.535360173
17.93493481 39.70428245 74.67275335
68.53028818 19.42462036 28.79524458
88.71966854 50.82606037 110.0925165
10.95425235 85.09200712 16.84112392
82.20567592 85.03871227 51.36494392
61.42738693 48.24764811 34.05119208
71.46420791 60.11054603 127.69209
19.93727104 15.20926646 148.9680714
33.13102354 78.75590516 169.7387474
69.2351936 37.80807297 101.1519843
68.03204941 78.38543664 138.3372385
15.15824273 50.63168101 65.68537231
18.02261184 61.33807792 172.9373974
7.517636739 64.79016005 138.6851542
35.73482622 28.15542837 193.4713531
33.65477178 61.77377938 142.8531608
85.98129275 88.63354777 6.622957486
70.30392446 70.23765442 19.10749282
55.16991121 29.30068493 144.9274799
45.62189049 38.535297 92.26448382
47.97149632 24.59545519 138.3706815
30.03391826 59.38505076 88.46980763
50.93039278 83.6712794 74.41259872
76.82312785 6.378963076 14.92722831
25.67465267 39.61419427 18.7421526
92.59663086 80.2218843 161.6112393
19.42169855 42.76539633 84.89000171
50.99470575 35.11123486 127.4522507
5.740400887 90.28435589 164.9639287
56.13986462 8.275183663 14.69600823
35.75483769 92.43421068 104.9978435
8.376169529 25.25190815 147.200131
39.74545404 81.31455514 141.8207079
79.63756695 7.718112902 107.0083454
86.30577447 77.89022861 122.7810745
51.10484722 49.79283131 130.2741025
87.15919113 19.11850697 103.4722318
77.22708361 35.25856245 189.7051617
37.30134484 58.73094715 117.2612684
8.304762007 9.446080432 57.71224999
85.38094133 29.17438364 80.99894228
31.68870467 12.68673378 146.1795907
18.10251167 74.32673573 178.3755573
7.730701929 88.42855044 109.5318025
83.74677848 48.88566551 129.3113806
36.67852999 56.05467129 190.6629576
77.31952152 92.71274322 34.84555188
84.69761372 81.80639331 100.8801269
21.30851279 62.20637317 101.7936646
66.50942217 90.85503005 68.16951123
67.58176746 75.52290229 151.0476655
21.34139589 10.86316942 138.2828769
57.16074143 77.72888084 8.369948178
33.26861511 86.38678342 152.9610851
26.63989253 73.19879258 98.99121366
39.16061314 53.84567319 92.74810407
66.45712003 76.96606505 102.982203
65.20043269 89.13576726 136.8251314
82.27044432 34.04332308 143.5919042
48.80567222 75.60744719 14.01567875
86.00100581 41.61994311 37.13556024
7.283479518 25.41196592 60.93951526
20.57558689 33.61111672 95.30806346
26.63152139 40.26824296 151.6854859
83.81118263 53.44860965 98.63848688
22.7190324 22.97471121 116.8179694
27.0058279 72.4631798 7.45889098
48.64669197 88.64331661 180.8875412
55.25159707 7.840421962 102.3809575
66.62840446 54.22850005 85.12865534
12.6232141 62.09930088 119.7521859
7.372335965 42.96734965 47.51566384
17.2833517 35.52134403 166.4215666
7.731631386 74.81031631 116.9402089
43.20449796 48.02228568 37.90153229
29.46098471 29.59765569 126.816116
87.26962087 73.67931245 181.4643622
30.40960611 83.61397258 34.71061829
7.030729496 10.67942242 103.0840732
40.40022794 81.23698436 23.87161755
81.76321823 45.47841361 162.3176928
71.04081032 66.61056477 101.5995827
27.65142331 78.44084091 191.4100312
82.74149281 49.81637742 118.6507219
80.57112634 76.23073877 155.1789751
16.70560127 78.986521 6.497691689
20.79736929 22.96613512 89.20829122
28.21723445 50.20887305 189.9695279
89.62661819 73.28260383 84.44794117
91.06005412 62.30243384 15.85562841
76.36119137 51.08234112 10.96747282
48.06542208 60.87172317 28.04062585
46.28767791 59.29064593 134.8545411
59.17519553 69.12745864 27.14574986
18.5454529 11.52938326 190.7048327
92.27788434 27.44519004 136.8694659
63.59743052 8.772650174 88.62003377
81.19997144 90.7468191 93.64211244
21.15707317 87.19386339 121.833463
60.71429451 66.31966507 61.15804046
42.52032 76.66238686 115.9894554
20.68807235 41.3881896 125.0986724
31.36465135 7.757754041 192.8344847
41.71543071 21.79171102 146.8528716
60.89809445 39.34164822 121.0711167
60.58505976 46.67419497 104.9777303
69.87457629 72.74777844 30.2040518
74.79203316 9.948224302 159.260114
75.49773762 53.15542487 105.3752464
17.00173564 84.15563096 37.7964366
82.50829867 17.47838755 179.4637486
49.12554726 85.32272535 64.45624767
20.27642113 92.70507838 102.7274899
50.93462842 49.68360608 78.16914032
81.34607724 68.05736481 93.21217356
75.10842377 17.81868718 19.83873093
13.70305251 82.97814295 52.27989331
8.135405374 34.1400365 12.15062705
61.79538687 86.19115071 84.10078388
67.16525523 16.78648576 160.0356239
54.18476077 15.69383582 167.9365936
94.57421224 79.86412144 23.42433379
56.36376529 34.32449423 9.021769391
39.39822005 8.720478178 12.6284107
71.77557093 31.4000106 154.9246646
9.263041365 82.87822966 153.1046546
57.03017495 28.1558972 184.9690601
8.89533414 56.46595683 174.6605488
86.2390945 67.12296489 36.14696486
24.22775788 19.39176126 104.5574146
63.95536719 9.319460039 33.40136011
33.95689568 74.51732568 147.7470191
24.42153622 61.21028883 191.3143665
33.13230376 86.83263338 175.8218341
71.51595757 15.12242851 137.8546501
56.77677605 43.66930093 83.32092262
74.43298441 27.07779884 166.2278084
70.25411446 40.86608123 126.2505588
26.27504808 26.62317365 8.665037851
54.63108986 56.09056875 106.4915548
28.98452474 30.71852111 68.04227439
67.26265691 66.58147498 74.61301764
56.06657482 11.71175262 41.99590559
71.40532264 72.84938802 126.3691902
89.21450141 69.99222046 190.690703
39.05619367 7.843136998 50.99853755
8.584132246 78.88736362 68.96669559
83.67946929 48.83221976 149.986428
8.143249817 81.80075271 191.3461476
72.71234797 7.660266656 128.9115758
92.17542467 46.84322163 174.3833919
5.991995402 32.21707593 174.7244641
82.41217227 56.59486306 86.70347414
47.57653938 43.91667758 173.6093926
41.82495174 57.61614216 68.06769887
45.00612065 72.06930528 124.5866749
86.94605993 11.53244844 169.3912222
30.9049948 30.2045051 55.97257406
60.48029468 71.06368363 126.7263288
21.05999914 24.87378184 60.65912087
76.51064087 10.37049838 89.36016076
88.45064179 91.01215927 182.4541411
49.15639038 34.46716168 50.8692871
82.18164243 74.9184012 107.3964375
28.03865551 89.86087226 46.74869673
65.58302175 79.01624629 21.21958093
75.47399216 71.08289922 45.59644789
59.80583273 46.60850496 55.76311852
57.12078023 66.1405184 96.97015651
43.61439429 30.98256957 173.6084103
86.01957808 92.40990309 170.421827
32.924621 19.39209077 40.80893252
25.62489392 60.80283946 150.8627876
21.63300733 72.88951662 34.27872146
39.52895764 74.87592612 83.85736159
62.78991398 93.62875371 148.7492204
10.1017293 15.89988428 187.5783573
32.29122174 23.04916837 140.2471896
87.92962734 43.01685732 86.16660331
38.82603852 47.25214659 24.73489843
6.245410418 86.05386807 98.4760899
66.00883376 54.45864719 181.5660269
74.9703799 35.03685764 16.24104075
64.33075701 30.22537185 192.7066529
65.40529033 20.35517659 61.92138587
93.56712684 29.05935076 118.2192702
88.78801661 26.63357633 146.0253357
90.22049939 63.89078941 97.91532305
9.894414754 90.52645128 39.25766246
7.561877349 37.66206742 95.6858208
86.13810596 66.81428276 156.2103433
64.39055604 75.86734099 59.29129429
54.71354676 87.07495046 189.2417363
9.036210819 42.8186426 5.890693137
45.56159815 7.321840446 23.71268329
74.72589746 36.23030643 6.558416139
23.16176596 12.76441138 114.5046347
6.924181439 55.966719 154.3471809
30.03160151 54.49792293 78.30566075
29.68702998 93.18538313 159.6388222
87.02259566 26.45144984 53.95060993
91.43802173 7.26370559 162.3053155
6.573084953 72.82315706 29.27658348
84.81792929 56.26030355 142.9029423
94.86258364 34.90548856 68.67895361
93.4774842 49.93823462 55.32511511
85.92287253 92.19765243 126.5356171
69.56848075 37.71923345 181.2521805
30.4099418 84.42210784 21.64880894
48.98330811 93.14068503 159.5759389
86.68204851 21.97979175 74.29165571
71.6918157 35.79190414 36.48048057
77.26563499 43.41686035 170.6269889
55.88878496 21.33633916 95.71479103
72.05445867 13.1508755 168.2275593
78.30844595 32.60551107 95.77089658
15.25057748 91.35772922 89.46865031
55.38134499 55.7328422 192.0018941
83.3322187 35.1947441 156.6624399
58.88819189 32.0503467 154.6799062
46.6970536 30.08369062 110.3201409
49.29703101 48.16842899 20.71504291
10.22226791 84.10279855 172.6616487
71.86191811 24.37016788 50.9332497
87.9906896 19.49787361 189.7402662
42.0039828 63.3511985 155.086141
50.61681338 50.12122466 184.6515256
9.158531738 69.89762055 180.0518842
5.47648722 49.6561163 34.56584455
65.44367991 20.94890071 173.4963277
36.34576705 50.26068352 15.93286705
76.0543176 82.74023609 120.5149773
82.53492602 24.03135134 6.401433217
59.92333416 38.75927398 138.5737298
8.056233985 51.15848786 166.1097601
85.83280898 58.89995091 58.57174854
41.94150456 91.58571936 127.4122288
63.98115436 50.52412739 14.21359655
54.16469125 10.0371806 26.08228435
87.16545461 57.69484305 187.4089702
35.0029706 21.5529669 95.74613344
74.85364138 62.0895362 176.0033533
68.61778182 33.33388722 84.41433582
95.4241567 89.07977706 82.46005876
66.94889787 55.43089615 108.8210499
74.49038483 82.51976237 32.42995775
34.63084411 37.71120229 138.5726455
40.40004165 81.90999705 33.88717169
73.88036846 76.84256244 176.6211564
85.20673215 38.89887628 9.822199503
94.18171865 71.87438262 170.0656497
57.13820055 26.37553402 83.11186723
24.42011977 89.72557776 170.206748
76.54593383 77.31995887 95.84792028
67.16475864 10.84017303 151.7460924
69.34576847 60.69792062 157.4094603
90.26364839 6.639985704 126.8791396
38.83213891 69.90142741 70.6189657
34.72506935 25.57968932 107.1144967
79.68379599 42.81669567 101.031214
22.79833052 79.22640673 73.32250268
88.14727207 53.27890107 9.576513849
53.74728133 61.97566065 170.5452486
36.09838788 20.6437365 12.72046359
41.1122717 77.99954604 161.4976995
21.61112594 93.62397758 7.122445247
62.93418025 80.72307396 127.1613458
76.47401282 28.4340937 107.4504535
77.6993137 92.66388252 44.45439786
77.22087234 40.01703742 82.01693357
42.98435343 55.35681979 109.2805861
62.31481233 69.05981479 5.349145007
92.61449759 13.85814807 36.48116958
10.65927797 27.64049381 137.6460126
91.78598846 33.60555148 25.5021774
24.54648199 11.02559727 48.50556281
50.64524186 82.22602628 54.8397187
51.99444907 25.43207705 6.233940211
9.670019689 66.05648602 148.8870748
42.69536413 15.14748955 45.59269968
62.57427451 55.492508 26.05415802
5.188295649 90.0275327 141.07285
63.35912754 90.9766077 99.60975536
93.1798134 36.37421631 126.0675147
61.62208266 45.10583126 151.9630859
21.31065961 87.83153584 143.1852578
45.15119859 44.04200555 84.15824015
11.24795171 29.47589863 160.4682482
92.34690815 29.86812143 104.2007602
65.9562794 25.43066165 147.4822423
29.7646647 4.848241043 79.6526091
57.36313863 12.96497794 157.9521471
33.55191498 46.43578226 135.1117764
46.68558929 6.641001048 176.6394061
39.00399464 80.58063138 43.05316657
61.49791266 67.06560422 191.2549774
41.03740396 45.37533503 113.7879552
8.334681671 80.18230926 38.29387673
50.55267763 39.8851238 150.2614452
51.45019439 59.66986418 13.07561129
49.14264695 92.10445335 9.548823762
7.336362825 5.888985287 23.05716396
33.69740278 15.80346729 169.2645507
93.50531924 39.34368079 77.76798401
17.91393969 91.05477965 191.7672894
31.57163074 11.39519707 159.4337891
24.27638248 92.81804821 54.70415624
30.00798969 58.54461741 99.60167006
20.36942394 49.67941079 16.84463942
70.83693281 36.58653429 163.0477805
67.55294382 61.10719646 116.3792752
22.00391022 79.10859432 43.7641538
4.709337199 55.37047886 46.57179386
7.522766051 13.75426032 178.6886353
9.376263469 15.12835146 18.08820499
62.58165918 9.644763987 48.11121856
11.13029521 50.65580025 147.6710808
70.97161295 82.66422948 63.98182758
31.84600239 42.32351999 11.69163443
17.98858323 68.50505122 8.395599714
21.34748498 62.94091391 40.63474874
91.88430653 8.381893396 26.84016624
43.02882937 53.12347054 81.77154463
75.99731257 61.78910886 12.16260904
18.54411061 90.9211808 28.78171537
10.69697642 18.22487761 163.2732533
35.80728367 91.81667407 7.658504105
57.96740356 35.66530345 19.5851235
88.72797992 70.64856195 64.67585074
9.852568486 40.21086372 192.9251006
92.25894273 74.59736536 74.4939806
7.057309724 24.29089561 82.06968884
52.97844158 85.10967025 92.44781084
20.81112763 52.46614462 122.4871067
57.37324679 35.65549765 105.2197699
21.75183266 39.82325466 188.1376799
52.73543504 82.66920061 149.856217
40.03855241 89.30017374 165.5267237
40.39692642 75.27158765 177.0555769
92.5590089 78.99723196 59.25796277
93.22320875 90.00521482 15.9486219
58.23072594 85.30291 23.04826941
91.48331626 87.47892187 93.36436122
54.87106356 92.19372066 28.2677723
22.37339923 67.59978817 91.9395219
89.51968069 92.16829102 53.89286535
15.73695971 26.12353758 194.4179425
49.29085929 76.91128793 93.0272956
21.46063811 27.6126936 80.74610828
14.08947033 81.7767953 143.1950624
7.182296352 74.71968387 168.2336358
75.99556362 67.13513141 4.001074161
71.80192254 75.62672038 189.7817912
47.84109884 10.36059098 138.4043568
80.36627951 86.22974346 175.5755451
36.64878734 90.41759982 66.62910361
30.74496599 62.94960794 7.093155809
50.19972036 82.96059735 158.7492058
6.776484292 37.93313309 144.0033166
74.11029446 5.631698352 80.40200543
14.24275948 31.12856121 86.16721633
66.6852989 51.70916673 75.75298509
88.34474917 59.99390511 107.4369859
58.12621434 75.31843936 75.95298406
83.76597926 89.37657738 162.2179174
18.32490321 65.6649603 184.6729016
94.15340659 61.49320544 179.5741793
4.846037202 32.75246709 25.07472034
78.69060072 87.20484662 195.9239339
24.05316251 5.279918061 119.7404238
93.07148725 9.114554616 107.1711336
44.93979532 8.628950841 104.5574632
52.99619147 6.010145401 83.16856221
30.71507317 40.0643293 125.1838666
43.3730136 60.29221358 180.4309928
33.3293073 18.7275472 177.8052549
56.688873 32.86207574 64.0456085
25.75905064 41.7001362 136.7823533
20.71811855 40.20284812 6.978358668
58.94162415 25.23316883 41.87154651
50.43166134 36.30213231 78.76930082
44.61064172 15.53413772 118.3555235
40.10370847 18.34102766 86.38960247
3.878034046 75.74914785 45.73898548
46.16563818 57.79406162 40.02704924
52.24434413 53.92007967 89.1184737
61.10412785 12.20799938 6.078702042
78.82250795 19.88925957 66.1917246
34.87010751 40.8123447 81.33238533
16.32772616 19.7404649 134.5358235
68.29810481 33.75352025 137.4701133
55.60326565 6.040743519 54.07715394
39.17710862 42.57040508 149.080801
65.61681288 92.41758744 194.5237858
75.26417545 91.61556869 128.426548
16.80987622 35.48022741 152.1162387
38.93264709 9.378783055 153.6324687
57.9348374 28.21729259 125.7789135
31.62326746 47.54383642 162.2332491
24.85974549 53.93872742 10.11383784
83.68075336 82.20147941 183.9045807
7.669848392 93.53930707 177.7551663
85.23077379 38.2198188 183.6182444
29.7913622 45.41732028 100.6777576
93.86954353 65.28414517 129.3794289
93.46918948 85.97558992 121.4713298
19.33508454 74.44389719 115.3456748
69.30564226 4.881743644 4.64666618
11.59260178 14.13169903 130.3302524
89.53876168 33.2313525 166.0610149
92.35441314 74.38616741 45.11562391
51.11772198 37.88980507 58.95644157
81.87336661 77.35852266 88.6900744
57.75455416 5.168863168 136.352682
86.93555083 20.08319241 127.4763301
82.86417009 93.95956002 136.2777295
26.43625981 27.83551784 192.3054332
83.55960831 13.03965395 116.2442247
5.023849149 45.46270154 174.551121
64.16545593 25.77371081 34.3705273
90.39168263 63.95888318 82.46360189
92.12842795 87.57332296 74.48440247
63.13032059 78.63746749 69.02426044
14.26828804 12.62090127 109.2083259
5.256107459 63.58101146 166.5214343
88.47373497 91.70408774 155.0653827
30.70816489 12.93976542 103.0142996
31.90280156 23.67383399 75.99515958
36.32189741 4.585654953 143.9348692
92.68559991 46.86615278 101.1511001
86.70895377 8.537727972 95.58760919
47.30464284 5.371831755 159.7155809
39.036265 45.89839594 167.9326822
48.69278626 87.60071743 35.27916984
60.67208252 85.15140428 111.9878946
15.65461673 93.09389886 47.56026035
87.63716904 79.14455478 140.8803086
85.19638898 48.63811164 29.77873549
4.472506174 64.23081859 71.27639133
7.715921984 7.399674854 162.0486458
25.67405601 42.12948171 29.99277747
93.87014345 58.26382158 135.6773111
64.72821444 51.20737929 117.2763341
5.874432087 91.07600804 119.1231592
6.364761489 48.09659696 139.3238013
15.33418909 49.11353523 139.0891478
36.81381489 16.84570993 187.6735275
40.10368539 11.68294451 80.52505663
56.92965068 19.0100388 117.3959329
92.7260886 37.11677108 49.15485139
42.04118009 45.77315442 190.0029705
76.12934965 17.736428 105.339634
93.61476389 52.19611209 118.974405
79.74714007 13.80788929 51.74482086
64.18551968 66.69205622 36.21936073
34.67079514 90.5899577 142.6249975
75.75722315 29.74598081 177.0484
19.91601836 6.102196859 146.5811397
78.15036653 39.26182382 44.7865564
73.35039585 47.3852199 53.84648022
22.91406838 46.47807213 45.03380442
94.10071195 20.49441769 45.39914474
10.51578281 33.65920568 57.04288588
94.69018051 31.07016795 79.57490702
55.53458426 90.22495251 69.02835934
18.00338889 71.31598051 106.0644063
22.19616346 56.08606883 182.7128725
15.45004242 8.952648633 156.0171367
78.78475472 35.78972637 53.1941258
33.324547 33.41350986 12.48398004
92.55488889 44.67731974 68.1235728
81.31739579 50.90161343 48.59139727
79.29338134 22.42257454 138.390304
29.18563951 16.79387358 131.5375284
31.34439689 94.03492415 181.5348963
83.06927504 13.42223993 20.7707441
46.41705867 93.30314919 97.49710921
54.9571461 50.54577255 157.3093931
39.1030446 29.62482384 52.12242472
4.471033293 53.72734846 75.24309022
62.98878533 27.68392943 19.76699771
31.80686562 61.1993009 157.8652778
34.39053204 66.04999009 62.21206416
53.78385343 19.41468864 192.1320811
71.55628085 66.08692141 147.0120722
21.23298684 7.382718271 163.8108051
26.38461048 8.629378518 181.6993369
36.94749647 53.12441933 180.4252307
38.79037269 84.51963842 112.0988118
59.49720317 87.18203155 172.7995269
90.91437799 87.31013542 190.2437691
69.63706824 95.09101564 5.488638547
22.67156762 5.922797762 88.24633634
37.0944395 19.56402054 159.1739584
92.05608846 13.74453132 132.3529304
35.40919085 75.10460366 103.7584117
10.28344038 79.47575997 161.4247582
59.76391353 77.38277663 193.9574487
19.63979974 25.46292321 128.0567061
7.461060615 41.94969682 77.64658462
83.80706045 84.74161384 153.095378
5.505472826 72.70226647 130.5919036
26.72670021 94.03505721 108.8348141
37.39841039 7.021851006 30.87065317
54.94193882 48.56929078 176.72382
86.507976 29.38900744 63.64275011
73.29371574 93.13624625 110.4429075
69.29327559 32.19031072 172.072534
6.928490212 92.83196466 23.29525382
72.71287195 18.97859277 125.8757105
95.44942226 19.97228207 23.45778029
74.07743375 7.280008285 41.48774822
7.220846275 73.60461831 55.00553547
42.31972562 90.24267203 173.9530041
94.14901209 72.26596228 52.95103388
96.00545789 24.90219627 166.7139809
50.37498201 8.354944106 149.9571558
79.08148253 45.159881 142.9837346
9.899940542 82.2449367 124.8960803
49.75805597 63.38780231 66.05982965
79.265014 54.83337814 190.3167697
41.68064536 25.14590168 6.392748003
50.85806268 58.8557667 144.3034998
53.92659109 78.14986333 121.2267625
59.52614298 43.85632236 95.07710708
56.43624138 17.03864479 78.48777897
89.61591997 27.54423658 184.5613675
34.72495582 34.81085512 94.9243492
95.46846884 10.87318962 154.8621908
74.84505226 7.576046456 30.61578093
6.661052822 6.165614339 115.8543339
50.79658462 18.4002852 157.6528165
79.40395563 15.70221982 131.3858021
30.55210926 81.72120554 88.29210504
66.66807529 36.48270743 145.1875776
74.17373423 77.50903614 6.883174342
55.47010282 94.81606266 171.4117966
60.56252304 14.65262195 193.7209563
81.91565773 37.99328522 122.4275075
36.83925037 7.219357088 65.08090388
36.76715112 67.36561092 120.3023225
11.29529589 51.74757946 20.57911941
14.35841328 17.83242875 40.76182116
49.4015942 69.55400513 174.6779523
81.11584217 78.99764018 71.14217517
84.85661361 59.84631681 130.2575849
49.99882103 30.87575962 191.9798015
37.21899261 38.02903483 102.8668329
85.04505672 6.822065516 148.9753683
55.67885295 74.56917251 87.00651682
86.60728399 6.376217786 17.41509085
36.11103225 34.52754744 112.8561715
7.393276628 77.56030751 7.043894712
57.36197588 4.7851562 153.8235841
15.90037426 7.00293046 20.0897067
76.42674533 93.40900549 167.7514285
95.15662165 59.24096028 77.55653213
10.06766339 92.26807214 65.43207929
10.18039719 66.71658963 194.4250553
50.78493822 45.21848404 194.0542639
46.28743439 59.61279308 125.2210721
43.94810957 91.31651422 59.9228784
19.55818897 92.9433135 17.27101238
34.26733637 94.60146197 28.43356492
61.90673927 40.9308136 27.63987195
80.20616341 74.67635331 141.6317918
50.99248337 54.79147052 165.534001
88.48401342 76.30894783 38.07838533
13.65779072 87.72676632 116.6760163
58.40579906 14.26201849 124.2461892
68.24381269 9.564647285 15.57439566
49.94643102 51.22724366 148.9312882
87.30805911 63.96324595 137.7673902
58.47559224 77.65608272 140.1145365
10.41446697 84.02693919 31.09217452
93.22931882 88.37678892 63.34186838
95.93829449 55.63595012 127.0402115
33.08147882 5.098489717 102.516794
42.08471355 91.45293948 153.8447725
56.67481964 45.98198262 6.248462218
6.920136863 7.221266181 186.930586
38.81630831 81.65146733 68.64650706
22.32551485 85.45016536 14.96589791
93.84869891 43.85184819 151.5575358
74.34493765 45.74604802 135.473117
83.54801874 6.536441586 52.47406675
29.75726981 83.36543215 102.6031244
20.11359908 46.38868208 106.2130781
61.34802269 58.57332875 174.5849875
81.33645641 68.15791482 148.1148963
58.40448129 75.13018165 18.21633343
33.51648454 94.16352289 167.6303874
94.79192945 59.69113087 59.46318466
59.5738954 83.45878225 43.90254507
39.18401692 68.16265927 27.49785891
93.31001457 62.18749318 169.7606065
73.57851594 85.40982809 96.44656833
32.372501 12.84738428 59.29903782
45.10206962 12.99251506 162.7156707
6.855111802 20.46875617 134.2565771
57.75671179 18.45540459 145.7122262
52.23592831 25.02496709 177.1248836
8.635963287 92.36426134 186.3256453
44.03531378 20.7478704 58.97485438
66.78147345 45.48729935 66.79593704
93.87677744 76.04978379 14.17556279
30.79062768 91.94783687 118.1804647
23.28431427 5.837344492 108.7859257
91.69503336 93.33692144 23.93948569
61.30188511 62.74794546 104.4656649
7.476999415 63.14241473 39.33376635
56.57404919 68.96925515 39.556187
28.92883427 43.47698324 74.47342422
11.78285198 4.816380467 33.99576632
28.86284665 23.60337488 172.3513508
72.37898414 16.78777812 55.83001516
47.6581045 29.69696194 100.6941509
47.24741198 24.29457721 87.79774771
9.979603715 79.93657308 87.99788574
48.49156339 13.34388302 189.0130892
72.37085998 20.03791441 98.01111904
29.706327 48.49513016 49.29638379
42.37335587 53.06383407 170.03576
9.319792363 31.74814776 49.29775105
54.20937758 75.66603938 43.51559057
66.61696488 45.49769369 87.85488247
40.87798895 47.12774614 129.2424743
18.45416601 58.11116819 142.3240169
17.7121896 72.74842292 68.75405868
37.18423525 87.49753059 49.84799438
60.32556771 16.09949868 16.96844113
7.216886909 95.71389958 153.4077326
44.93934531 74.68979263 74.66760625
56.32047095 3.780723665 183.3218925
44.99705632 26.37173425 31.87597757
73.57923653 68.22177234 159.374585
28.28001401 64.07498675 123.5563067
39.5315259 45.28456108 70.4540157
77.08779411 73.36230345 36.88661884
54.62983972 7.060366695 192.996924
8.704895669 47.24264611 158.0273119
94.94558098 47.32465809 160.8679806
84.40051235 25.92726563 18.40239273
76.01182095 48.45956992 92.33528299
92.6650013 62.70739912 120.7116246
60.85043292 49.42618822 46.76224752
21.14821916 78.74476877 149.8422549
73.28738267 47.30839294 114.4696513
28.41458039 16.56065072 184.999063
29.07782535 20.68662447 158.6262929
91.14826411 47.44699914 44.74899
64.88280724 42.3287248 11.58535665
90.04725991 36.16716304 112.5557442
77.05980984 23.43213425 192.4653023
34.15960097 71.34462466 194.3326011
55.96920253 12.64434824 140.0781672
96.60799619 68.89599308 80.59682499
13.76813631 65.51056705 129.3196674
35.99675237 72.60555506 92.96831859
21.46597565 94.47110905 132.4118766
73.22414485 45.79235305 190.0100082
53.03560363 94.30590429 62.59683718
70.04562821 85.16174013 195.3610364
15.59921888 94.25444221 168.2478966
33.30468912 56.58723225 41.08208283
73.47196477 32.67061547 26.69895907
6.54978265 32.02489287 153.7748035
65.73717912 5.241134816 133.4942109
84.28547384 37.42509134 18.35952115
30.08805884 8.709513083 70.19396198
69.69339696 39.83365336 153.3647732
94.35648943 95.13390969 92.56892756
8.489599465 91.09325458 50.93872285
43.89747098 61.8584571 172.465366
67.49840054 39.30529854 192.9258153
5.57553121 18.4188731 87.69299009
46.69741723 70.49580007 29.14686417
54.69110597 15.88262315 62.04085402
6.673068555 94.48133072 93.40036762
25.48034664 27.10102709 147.8982808
27.52357009 53.20427266 168.5868373
24.25498841 91.49366042 91.87198992
28.93008955 42.79278859 66.48558823
49.68747722 59.41039675 185.5650354
46.20208843 73.59348476 38.08654702
57.85487948 13.08199481 93.71835357
70.43732349 53.14564584 141.0796919
21.05163376 69.65795861 17.85973127
50.88909062 67.20533197 129.2975227
6.710214818 86.28001709 5.812845922
45.29616784 96.44076757 66.18001083
45.40150167 9.237503234 124.309926
66.33210014 33.22637814 15.01777087
68.74649318 63.98697509 29.08730988
20.74456239 33.15235367 11.49851235
68.43677669 86.92885016 154.3904326
68.55431462 27.77428612 104.2979938
64.27758548 92.87105371 108.2007878
35.87418446 27.6727418 176.8539842
62.90441461 88.32804768 184.7964426
6.386363287 7.116081463 94.28221406
53.84975319 76.13525465 25.5292023
91.84671293 67.12509088 5.8400498
41.0062014 29.61943799 41.30821863
93.37831455 14.66312191 86.03189201
64.81254624 6.393945737 172.3797829
26.64285806 84.37199924 136.1163606
62.81783414 51.44908267 190.532011
94.83873283 90.22773951 129.5625169
69.98319666 44.01270217 31.78337244
40.59957773 5.796063848 88.30493024
39.16288541 12.88674414 20.96444537
79.23337422 66.94156365 105.2030065
68.06613863 28.02825531 130.4100106
77.55668468 94.5313294 80.57172836
24.87751177 36.69175677 173.2628183
37.52029683 52.353216 6.911081144
89.69234365 76.7915347 29.95163627
21.2534988 34.66828754 41.05958253
68.25156501 21.8955362 111.0911782
17.59527286 8.458955125 182.403298
20.07124003 31.06406477 159.0184961
78.14508806 93.85684726 8.853967187
92.60449415 49.51935415 17.59745429
43.29149185 57.94884445 8.255113423
4.360490065 63.62500529 116.1077847
92.01605401 24.15395754 5.875991957
48.10285106 71.09544106 137.2436916
10.51822675 81.22940364 182.5056933
11.12576687 91.66383535 10.4217844
16.10894797 29.50833805 21.01329004
95.04163397 20.79424157 177.1308219
45.6807562 24.28517845 196.0025027
30.03288214 72.66994667 87.37631895
82.28945197 36.75093648 165.9127001
80.29227355 89.42997154 104.2533226
78.51284281 83.04359337 22.88017747
61.93300819 82.64261018 93.69948796
93.60027743 21.221583 69.42904862
37.34087344 71.072122 8.223047922
25.23747388 78.22104661 142.7028521
31.81435662 75.78651184 77.4930408
32.64526958 96.77216138 193.003484
52.31879782 35.21288879 174.0096217
76.19121495 59.07549181 144.4905381
43.61376481 33.63462733 182.6465748
81.88793484 6.541819718 184.1917266
91.51902451 72.76343616 97.97287082
63.14638107 93.69816076 166.1977833
71.34917614 6.275297769 23.3551561
29.55394651 40.21468469 193.5445054
35.39351958 49.90319625 84.53131684
33.05349787 76.94223786 184.2768351
53.74719884 65.21982495 181.923501
93.44539581 46.16284636 144.0474856
44.69176996 93.89688977 38.88972069
23.69085436 19.39728691 42.48691052
16.11415672 5.735270582 41.32545209
22.23141389 95.62555377 83.30249328
37.27221768 55.65703454 49.29884458
50.82090126 15.9675225 123.6004987
62.7932431 7.239901203 187.0249709
94.66414224 68.68087352 154.2154298
71.23264536 65.90001791 138.3514792
10.53682246 52.12875592 82.36789728
33.32895489 6.156575887 174.8757909
27.37048758 55.63746345 18.01254502
64.99974753 37.02173756 64.08265337
60.06570419 58.95555747 165.3432828
57.53340447 76.51636285 155.2146154
94.27016942 26.27532638 128.274648
29.82213187 64.2742289 78.37426764
10.948333 14.89594255 151.6607656
73.18997885 93.24261172 141.5487142
35.37570202 94.77131071 74.30206538
22.11210548 9.064622423 174.052088
6.015823336 94.58518451 58.64837017
23.80946964 86.70168422 110.707227
85.14744768 19.50825246 37.01593815
45.19598396 90.96813085 143.4191046
96.60572857 84.15053804 101.4879033
57.54266036 16.43587609 50.46082361
9.147881037 20.75545114 103.2860395
51.64075757 54.76266841 56.31887969
43.18160987 92.70671015 193.3792036
24.955208 95.3489014 194.3943767
41.20858976 10.29098919 185.6530992
76.9526255 82.94468123 13.59689265
22.51742818 81.53424949 81.86795602
78.11174946 58.48067286 157.9362001
33.58188384 9.218733532 4.270977155
37.17336977 55.43545182 102.6871105
54.6778194 59.51036676 128.4301749
59.53959523 49.12325494 21.12086034
48.67064496 96.74154905 135.3064725
41.71542567 34.32121589 145.504078
40.14015464 56.38856765 34.42433265
69.42510158 8.912183496 55.04443356
43.89968352 4.547324206 193.0561921
59.14807758 22.58175167 160.652838
21.32963418 12.01954148 40.36369245
43.60743405 37.63763134 190.5567715
54.92527257 95.84063561 102.3009895
17.72635485 6.857721534 9.863001635
82.89402705 19.9386125 170.4800275
43.9051203 81.9564042 133.0056802
85.48612879 85.6358034 65.16218383
5.582431915 64.67916744 25.74012572
46.60299498 16.2871449 13.44659948
26.54831551 49.2003517 147.1823219
72.72491703 28.54658854 60.05574829
21.38931031 51.59802076 95.26840527
43.87809338 86.44687498 89.87712089
78.13648293 57.90941297 19.53505048
93.16286328 11.86245441 180.7303057
51.85835309 91.59300433 41.88246956
62.51795948 6.793346345 146.1502607
95.92313872 22.55418833 89.97708789
81.94048705 93.07683546 188.4654366
20.91265879 59.70066623 14.95500683
23.85648047 28.42794445 168.6528333
93.77184348 42.63032959 7.216936709
95.77895465 65.23599417 34.34464067
69.67528117 74.76949581 165.6655098
37.41652065 58.31100549 58.34665401
58.4097142 94.25497302 38.43152109
48.4122983 16.88468876 78.86676064
52.73511193 94.44170792 145.8044212
31.39350462 22.95409622 65.49139474
59.68456507 58.3220199 143.3045162
72.58019716 92.89345732 74.42103484
74.45153284 4.662181927 119.7061539
82.63818115 66.56827051 54.69767353
5.583775903 38.35510828 32.67849063
91.84116031 80.93030025 7.659275029
96.30241363 26.44803556 152.5431505
81.75144244 63.74901244 47.00533859
25.41935425 86.35864564 65.81774216
20.6802848 6.415417209 54.55131963
5.294675634 27.78758792 129.6551639
49.66662648 82.03823412 4.748489408
15.29611452 72.47214104 144.0022881
37.16204078 5.495509763 132.4278107
58.78404703 49.38254111 74.18028657
64.14519805 78.81751107 171.6457273
96.50937495 13.91570348 97.9788897
47.64011425 62.26221598 163.7142476
60.38480284 57.16519536 79.40445852
26.07445113 77.09653034 51.60085639
12.89993284 29.50723434 28.56521965
4.646440501 43.37574108 130.7806087
28.35862081 92.78279169 70.19592141
79.49072296 37.21508107 30.47382195
18.87288898 24.06406013 140.92081
43.68074202 86.05688453 13.13059224
93.81048669 24.81768853 58.90124208
4.815753217 52.8815788 116.325714
20.77776554 67.25343283 146.1317468
89.42825229 21.17932924 30.85030593
36.79827665 23.84280403 21.0391424
34.11136605 51.34680175 70.32629295
91.2900834 7.458090515 136.885455
35.6256178 61.68200405 132.0952996
48.39795915 32.7996002 16.01922561
62.20476292 75.93659438 163.0947514
93.20603912 31.4778446 42.77670734
51.30336293 42.64056687 139.7103539
5.035719954 44.52759096 86.32797462
35.7365252 33.66410447 76.58232085
80.80866894 75.76000025 50.75041844
71.51554234 5.519905224 146.8942074
45.33868512 69.95182123 6.469937885
88.32587666 41.04842468 195.30089
70.34109173 73.18673477 52.29985331
74.85215488 51.58331885 169.8027853
6.360955062 91.90852035 81.74438398
58.5625516 24.14511178 14.31845012
7.715982864 5.517123005 153.909699
88.48883702 95.73493907 70.58027838
5.649929791 9.301412452 67.21498838
86.03548384 45.27307694 96.10164052
56.07220084 21.2637081 32.58440388
18.43823277 88.72570251 63.30590123
21.33449413 6.8194737 25.99732444
7.92440909 10.4404949 38.92114476
19.32028846 23.23535541 185.5943494
27.49726774 81.89764473 182.4793125
92.86918486 57.05473654 32.12913138
25.29918681 3.779436971 154.643323
9.570472531 43.02160251 181.892223
87.04379764 79.54226597 113.9992838
22.11296682 3.268372622 186.0780213
47.81260914 81.27173932 189.1131541
4.963801667 56.25569475 64.64260004
18.57897965 41.84517803 97.90360853
72.59042177 83.2503131 50.47194976
93.61565044 41.37704454 117.4636655
10.50425039 93.77194143 100.199258
37.65636434 89.17747133 16.35266606
22.94784014 23.82035332 72.12755397
81.80844625 76.83887918 31.05185442
8.458457354 22.43735184 50.64595984
57.86995569 50.85839227 168.6855437
60.82383174 42.6558716 131.3912931
55.10698485 28.03053791 117.7865342
50.70635686 71.00887405 115.4261031
61.92537544 81.85027268 146.1108529
32.21548242 9.775688772 127.6329897
85.77153712 13.77762566 31.11873513
10.35537711 93.4939897 194.3082806
59.29053344 32.89902586 131.9633763
83.31840344 9.090994336 159.567624
40.92323766 21.19410031 26.83120243
18.72954914 37.18982865 62.91808459
16.03082796 61.45484067 89.57783201
41.40261142 71.0257782 14.62967166
34.84076086 14.93126083 47.7769872
28.10016238 53.98288297 126.4621468
78.82347862 20.68748763 58.20370387
45.43410924 84.51532603 123.3744261
81.50979014 20.75321772 47.8159982
5.455865103 82.84110844 62.1003691
58.69179084 95.80408493 185.5113613
71.23331632 84.87144283 74.49052921
77.04240596 8.687923151 194.0368774
33.35474118 93.7067449 54.53239512
67.40627247 57.02593813 43.23992572
75.42437297 96.10845881 117.3856784
25.83509797 93.00860697 22.54136444
72.93458209 3.367290244 165.6855714
94.15410969 53.12116373 181.494137
42.17578865 64.10829507 62.310876
7.670423975 23.58584757 175.8865764
45.49866984 22.95087631 47.52882348
24.03971223 65.52117867 138.6720699
89.87193866 39.22504004 102.8697797
80.02631247 7.195827872 24.21048084
36.01827667 54.20509371 134.3624607
68.15088713 84.29408593 116.8464263
71.1430978 85.19455563 144.8490274
46.89171613 68.94813215 21.27919411
61.3491185 66.07373387 181.9292476
4.409747393 90.7408393 71.00268268
40.07610018 29.3448778 63.13448765
78.22470522 86.96350668 113.1652034
74.5406301 27.62450934 81.58828776
43.53864896 20.9572846 98.47396824
18.41772848 52.36649454 3.925746332
91.1978163 42.39818225 15.30664542
64.480304 17.1871712 45.6805994
10.67032437 44.02214143 14.11359554
4.509459887 40.01450074 152.6573762
